# Force           
# CofR            : (-1.4000000000e+00 0.0000000000e+00 0.0000000000e+00)
#
# Time            	total_x total_y total_z	pressure_x pressure_y pressure_z	viscous_x viscous_y viscous_z
1                  8.1323984319e+02 -2.2330701464e-01 -5.6754384537e+02 8.0564014074e+02 -2.2264995851e-01 -5.6749555846e+02 7.5997024491e+00 -6.5705612609e-04 -4.8286904961e-02
2                  1.2316506282e+03 -5.3279659831e-01 -6.7818989722e+02 1.2238284522e+03 -5.3050067168e-01 -6.7827625055e+02 7.8221760384e+00 -2.2959266306e-03 8.6353333491e-02
3                  1.3438262935e+03 -5.6318613948e-01 -5.8617823612e+02 1.3358477208e+03 -5.5894749472e-01 -5.8640418626e+02 7.9785726881e+00 -4.2386447580e-03 2.2595013922e-01
4                  1.2742679184e+03 -6.4431258848e-01 -3.6948606401e+02 1.2661767939e+03 -6.3850933781e-01 -3.6983648190e+02 8.0911245669e+00 -5.8032506696e-03 3.5041788564e-01
5                  1.1192467477e+03 -8.5566830580e-01 -1.2025747668e+02 1.1110591784e+03 -8.4858901091e-01 -1.2070364328e+02 8.1875693108e+00 -7.0792948834e-03 4.4616659399e-01
6                  9.4156478236e+02 -1.0264313332e+00 1.0074170833e+02 9.3329527450e+02 -1.0184068671e+00 1.0023722022e+02 8.2695078582e+00 -8.0244661218e-03 5.0448811355e-01
7                  7.7781145469e+02 -9.9459385613e-01 2.5486544194e+02 7.6947937956e+02 -9.8596092780e-01 2.5433815058e+02 8.3320751241e+00 -8.6329283311e-03 5.2729135903e-01
8                  6.4469901780e+02 -7.3367222685e-01 3.2614107644e+02 6.3633703361e+02 -7.2480010782e-01 3.2559616961e+02 8.3619841954e+00 -8.8721190261e-03 5.4490683025e-01
9                  5.4751790259e+02 -2.4304862185e-01 3.2455191103e+02 5.3909255641e+02 -2.3419905503e-01 3.2403288578e+02 8.4253461790e+00 -8.8495668215e-03 5.1902525842e-01
10                 4.8591974533e+02 2.8977977440e-01 2.7373316529e+02 4.7737591481e+02 2.9823967648e-01 2.7324476332e+02 8.5438305202e+00 -8.4599020820e-03 4.8840196585e-01
11                 4.5465530512e+02 7.3721615857e-01 1.9890234626e+02 4.4596910005e+02 7.4528283705e-01 1.9844086750e+02 8.6862050750e+00 -8.0666784830e-03 4.6147876554e-01
12                 4.4854260900e+02 1.1343466765e+00 1.2376326706e+02 4.3971722452e+02 1.1423064327e+00 1.2332997119e+02 8.8253844839e+00 -7.9597561612e-03 4.3329587065e-01
13                 4.6101763925e+02 1.4390066400e+00 6.4015527613e+01 4.5204246001e+02 1.4469822260e+00 6.3605640963e+01 8.9751792408e+00 -7.9755860129e-03 4.0988665035e-01
14                 4.8639218385e+02 1.6809071352e+00 2.5455748669e+01 4.7719660560e+02 1.6888410904e+00 2.5055553506e+01 9.1955782451e+00 -7.9339552322e-03 4.0019516287e-01
15                 5.1728590973e+02 1.7834999169e+00 9.4394229711e+00 5.0786766722e+02 1.7911258960e+00 9.0346419683e+00 9.4182425152e+00 -7.6259790690e-03 4.0478100276e-01
16                 5.4900066210e+02 1.7927453080e+00 1.0887321124e+01 5.3935513217e+02 1.8002457244e+00 1.0463173618e+01 9.6455299259e+00 -7.5004163579e-03 4.2414750511e-01
17                 5.7580220997e+02 1.7037022863e+00 2.4298634512e+01 5.6592922058e+02 1.7108381592e+00 2.3845615049e+01 9.8729893894e+00 -7.1358728451e-03 4.5301946392e-01
18                 5.9420108205e+02 1.6135535062e+00 4.4063976434e+01 5.8411157643e+02 1.6199560985e+00 4.3577058324e+01 1.0089505615e+01 -6.4025923193e-03 4.8691811066e-01
19                 6.0373879713e+02 1.4877368545e+00 6.5311990019e+01 5.9344219378e+02 1.4952109833e+00 6.4792588104e+01 1.0296603349e+01 -7.4741288635e-03 5.1940191461e-01
20                 6.0524678424e+02 1.1976826890e+00 8.3269306026e+01 5.9474037441e+02 1.2045944909e+00 8.2723407247e+01 1.0506409836e+01 -6.9118019008e-03 5.4589877905e-01
21                 6.0046784807e+02 8.3038937524e-01 9.5877893822e+01 5.8975939009e+02 8.3644221460e-01 9.5308257190e+01 1.0708457980e+01 -6.0528393552e-03 5.6963663269e-01
22                 5.9145300843e+02 4.3351445161e-01 1.0291653797e+02 5.8055470699e+02 4.3931679955e-01 1.0232689557e+02 1.0898301444e+01 -5.8023479453e-03 5.8964239633e-01
23                 5.7982905599e+02 7.4400036834e-02 1.0636461950e+02 5.6875477495e+02 8.0358958336e-02 1.0575942937e+02 1.1074281037e+01 -5.9589215026e-03 6.0519012625e-01
24                 5.6673736281e+02 -2.2272508154e-01 1.0606412977e+02 5.5549997773e+02 -2.1652402580e-01 1.0545031259e+02 1.1237385074e+01 -6.2010557415e-03 6.1381717747e-01
25                 5.5323040122e+02 -4.9770524363e-01 1.0449910485e+02 5.4184031973e+02 -4.9171994112e-01 1.0387902949e+02 1.1390081499e+01 -5.9853025046e-03 6.2007535807e-01
26                 5.4029894099e+02 -7.0616198246e-01 1.0228247621e+02 5.2877131583e+02 -6.9994555030e-01 1.0166201768e+02 1.1527625163e+01 -6.2164321611e-03 6.2045852472e-01
27                 5.2847346405e+02 -8.9411576261e-01 1.0050405668e+02 5.1681608012e+02 -8.8738408976e-01 9.9891877465e+01 1.1657383936e+01 -6.7316728514e-03 6.1217921687e-01
28                 5.1739453678e+02 -9.4576063609e-01 9.9541708749e+01 5.0561856218e+02 -9.3884088638e-01 9.8943139731e+01 1.1775974604e+01 -6.9197497191e-03 5.9856901739e-01
29                 5.0695469143e+02 -8.8961000337e-01 9.9256240087e+01 4.9505902793e+02 -8.8334798782e-01 9.8682928267e+01 1.1895663496e+01 -6.2620155455e-03 5.7331181984e-01
30                 4.9710352789e+02 -8.0052282733e-01 9.8925358665e+01 4.8509608725e+02 -7.9047611983e-01 9.8378764837e+01 1.2007440638e+01 -1.0046707502e-02 5.4659382820e-01
31                 4.8762224365e+02 -6.9598202977e-01 9.8221380424e+01 4.7550107430e+02 -6.8893780066e-01 9.7708352730e+01 1.2121169348e+01 -7.0442291096e-03 5.1302769369e-01
32                 4.7812497412e+02 -6.2831746078e-01 9.6751047867e+01 4.6587898824e+02 -6.1757007837e-01 9.6281572853e+01 1.2245985877e+01 -1.0747382412e-02 4.6947501382e-01
33                 4.6905533692e+02 -6.1826591510e-01 9.5592439195e+01 4.5669522533e+02 -6.1067160531e-01 9.5166654260e+01 1.2360111584e+01 -7.5943097933e-03 4.2578493489e-01
34                 4.6020013494e+02 -6.4512638596e-01 9.5345492759e+01 4.4775495717e+02 -6.3352859020e-01 9.4950077623e+01 1.2445177772e+01 -1.1597795759e-02 3.9541513540e-01
35                 4.5168436039e+02 -6.6997844397e-01 9.6914075450e+01 4.3915351528e+02 -6.5979593575e-01 9.6549887711e+01 1.2530845113e+01 -1.0182508215e-02 3.6418773885e-01
36                 4.4306371280e+02 -6.3843050187e-01 1.0064049321e+02 4.3047164334e+02 -6.2765374315e-01 1.0029447153e+02 1.2592069455e+01 -1.0776758722e-02 3.4602167521e-01
37                 4.3456606432e+02 -5.6792874341e-01 1.0666977559e+02 4.2193963866e+02 -5.5744918527e-01 1.0633491245e+02 1.2626425655e+01 -1.0479558137e-02 3.3486313804e-01
38                 4.2655034180e+02 -4.6252390445e-01 1.1526821036e+02 4.1391538204e+02 -4.5225701909e-01 1.1493075884e+02 1.2634959758e+01 -1.0266885359e-02 3.3745151936e-01
39                 4.1950019774e+02 -3.2817630511e-01 1.2614180486e+02 4.0687723197e+02 -3.1790379397e-01 1.2578672015e+02 1.2622965769e+01 -1.0272511141e-02 3.5508470637e-01
40                 4.1407720462e+02 -1.8542058474e-01 1.3910581262e+02 4.0148138172e+02 -1.7492094739e-01 1.3872388709e+02 1.2595822896e+01 -1.0499637349e-02 3.8192552872e-01
41                 4.1069215687e+02 -6.5912182699e-02 1.5334939096e+02 3.9813708819e+02 -5.6570069570e-02 1.5292425671e+02 1.2555068683e+01 -9.3421131298e-03 4.2513425289e-01
42                 4.0970440481e+02 2.0830840134e-02 1.6797454387e+02 3.9720201286e+02 2.9750315678e-02 1.6749445675e+02 1.2502391952e+01 -8.9194755437e-03 4.8008712794e-01
43                 4.1077110135e+02 8.3662950041e-02 1.8108766935e+02 3.9832712053e+02 9.2166645430e-02 1.8055247469e+02 1.2443980811e+01 -8.5036953893e-03 5.3519465596e-01
44                 4.1449855895e+02 9.5969529395e-02 1.9252661983e+02 4.0211388409e+02 1.0404144603e-01 1.9194443909e+02 1.2384674854e+01 -8.0719166347e-03 5.8218073450e-01
45                 4.2088167766e+02 6.1223413329e-02 2.0188067032e+02 4.0854852854e+02 6.8960461894e-02 2.0126750187e+02 1.2333149112e+01 -7.7370485653e-03 6.1316844632e-01
46                 4.2972256269e+02 -5.1371027957e-02 2.0863707269e+02 4.1742865173e+02 -4.3609902442e-02 2.0800974554e+02 1.2293910956e+01 -7.7611255152e-03 6.2732714948e-01
47                 4.4051554178e+02 -1.8764617602e-01 2.1242188856e+02 4.2825369983e+02 -1.7984862345e-01 2.1178362930e+02 1.2261841951e+01 -7.7975525737e-03 6.3825925563e-01
48                 4.5254317351e+02 -3.3636920339e-01 2.1311153214e+02 4.4031414918e+02 -3.2839748099e-01 2.1247372359e+02 1.2229024326e+01 -7.9717223943e-03 6.3780854531e-01
49                 4.6471947385e+02 -4.3576990208e-01 2.1090719310e+02 4.5252430276e+02 -4.2754391837e-01 2.1027306744e+02 1.2195171089e+01 -8.2259837064e-03 6.3412566349e-01
50                 4.7612447838e+02 -4.5056356402e-01 2.0665807282e+02 4.6396150495e+02 -4.4202714868e-01 2.0602817803e+02 1.2162973427e+01 -8.5364153370e-03 6.2989478227e-01
51                 4.8596856179e+02 -3.8239646053e-01 2.0137468862e+02 4.7384390955e+02 -3.7362316847e-01 2.0075000706e+02 1.2124652235e+01 -8.7732920624e-03 6.2468156152e-01
52                 4.9413176551e+02 -2.5742284446e-01 1.9553609000e+02 4.8204484307e+02 -2.4837823340e-01 1.9492187347e+02 1.2086922439e+01 -9.0446110625e-03 6.1421652697e-01
53                 5.0066326233e+02 -1.2581612619e-01 1.8970273589e+02 4.8860916405e+02 -1.1672735689e-01 1.8909989831e+02 1.2054098281e+01 -9.0887693010e-03 6.0283757742e-01
54                 5.0586196650e+02 -1.1647963743e-02 1.8418624172e+02 4.9384029142e+02 -2.6632924349e-03 1.8359430249e+02 1.2021675080e+01 -8.9846713084e-03 5.9193923399e-01
55                 5.1006390898e+02 7.2155583363e-02 1.7925075516e+02 4.9807408442e+02 8.1244812797e-02 1.7866832556e+02 1.1989824560e+01 -9.0892294339e-03 5.8242959565e-01
56                 5.1349135526e+02 1.1594093861e-01 1.7517680003e+02 5.0152750765e+02 1.2467051814e-01 1.7460259939e+02 1.1963847606e+01 -8.7295795374e-03 5.7420064113e-01
57                 5.1603520529e+02 1.2746554590e-01 1.7207125143e+02 5.0409900435e+02 1.3621382973e-01 1.7150367706e+02 1.1936200941e+01 -8.7482838318e-03 5.6757437587e-01
58                 5.1800265630e+02 1.1449653645e-01 1.6989206659e+02 5.0608776143e+02 1.2223696135e-01 1.6933275015e+02 1.1914894873e+01 -7.7404249048e-03 5.5931644189e-01
59                 5.1919287209e+02 7.4186641474e-02 1.6831112066e+02 5.0730236219e+02 8.2016570094e-02 1.6775634008e+02 1.1890509897e+01 -7.8299286203e-03 5.5478058885e-01
60                 5.2007135931e+02 2.1452219342e-02 1.6741151350e+02 5.0819261048e+02 2.8457495257e-02 1.6686490818e+02 1.1878748837e+01 -7.0052759151e-03 5.4660531971e-01
61                 5.2002040405e+02 -3.3843106197e-02 1.6704883228e+02 5.0815410257e+02 -2.8063372138e-02 1.6650463511e+02 1.1866301482e+01 -5.7797340586e-03 5.4419716736e-01
62                 5.1943849200e+02 -8.4243783959e-02 1.6745459837e+02 5.0757305600e+02 -7.7236923322e-02 1.6691875821e+02 1.1865436002e+01 -7.0068606373e-03 5.3584016336e-01
63                 5.1763564030e+02 -1.1518405149e-01 1.6844717396e+02 5.0576767685e+02 -1.0845947863e-01 1.6791476073e+02 1.1867963451e+01 -6.7245728605e-03 5.3241323071e-01
64                 5.1492950521e+02 -1.3492043845e-01 1.7028868961e+02 5.0304866477e+02 -1.2777959009e-01 1.6976622794e+02 1.1880840440e+01 -7.1408483629e-03 5.2246167206e-01
65                 5.1116061119e+02 -1.4074217625e-01 1.7283687017e+02 4.9926156417e+02 -1.3405115986e-01 1.7232067110e+02 1.1899047018e+01 -6.6910163922e-03 5.1619906252e-01
66                 5.0682590445e+02 -1.4496673565e-01 1.7625145989e+02 4.9490315125e+02 -1.3899080322e-01 1.7574414230e+02 1.1922753201e+01 -5.9759324350e-03 5.0731758787e-01
67                 5.0205511175e+02 -1.5707131449e-01 1.8025770945e+02 4.9009259087e+02 -1.4921222154e-01 1.7976153075e+02 1.1962520881e+01 -7.8590929515e-03 4.9617870014e-01
68                 4.9692409038e+02 -1.8472302212e-01 1.8402474231e+02 4.8490721166e+02 -1.7856913856e-01 1.8354478758e+02 1.2016878727e+01 -6.1538835663e-03 4.7995473061e-01
69                 4.9139238327e+02 -2.1329009379e-01 1.8725070990e+02 4.7932563516e+02 -2.0523767821e-01 1.8678197763e+02 1.2066748107e+01 -8.0524155847e-03 4.6873227090e-01
70                 4.8586866803e+02 -2.4934020415e-01 1.9005393761e+02 4.7373662929e+02 -2.4196338513e-01 1.8960165333e+02 1.2132038745e+01 -7.3768190208e-03 4.5228427407e-01
71                 4.8032294793e+02 -2.8145739277e-01 1.9254992501e+02 4.6812542520e+02 -2.7349093513e-01 1.9211012058e+02 1.2197522735e+01 -7.9664576442e-03 4.3980443842e-01
72                 4.7498090504e+02 -3.1908457045e-01 1.9471105917e+02 4.6272957323e+02 -3.1023909614e-01 1.9427684691e+02 1.2251331811e+01 -8.8454743097e-03 4.3421226718e-01
73                 4.7035038841e+02 -3.5831637555e-01 1.9650145798e+02 4.5802224665e+02 -3.5159433060e-01 1.9608732476e+02 1.2328141761e+01 -6.7220449536e-03 4.1413322386e-01
74                 4.6578413864e+02 -3.9750708143e-01 1.9763436865e+02 4.5339104253e+02 -3.8966337886e-01 1.9723125696e+02 1.2393096108e+01 -7.8437025698e-03 4.0311168214e-01
75                 4.6137170922e+02 -4.3440900314e-01 1.9813247117e+02 4.4893066912e+02 -4.2591484144e-01 1.9773463107e+02 1.2441040094e+01 -8.4941617059e-03 3.9784009502e-01
76                 4.5739646276e+02 -4.5465251097e-01 1.9857459925e+02 4.4491014716e+02 -4.4717287072e-01 1.9817999269e+02 1.2486315604e+01 -7.4796402506e-03 3.9460655523e-01
77                 4.5411020619e+02 -4.7869980967e-01 1.9947929547e+02 4.4156944062e+02 -4.6978597025e-01 1.9909673137e+02 1.2540765577e+01 -8.9138394261e-03 3.8256409670e-01
78                 4.5125686758e+02 -4.9525853909e-01 2.0067405608e+02 4.3868411654e+02 -4.8616674738e-01 2.0028705289e+02 1.2572751042e+01 -9.0917917125e-03 3.8700319014e-01
79                 4.4920315737e+02 -5.0623363551e-01 2.0187599893e+02 4.3662427280e+02 -4.9769601532e-01 2.0148077483e+02 1.2578884573e+01 -8.5376201894e-03 3.9522409538e-01
80                 4.4828359488e+02 -5.0743803234e-01 2.0307719991e+02 4.3569865653e+02 -4.9886787691e-01 2.0267214123e+02 1.2584938353e+01 -8.5701554287e-03 4.0505867908e-01
81                 4.4845421550e+02 -4.9421005461e-01 2.0424158016e+02 4.3587808916e+02 -4.8565140313e-01 2.0382307928e+02 1.2576126345e+01 -8.5586514830e-03 4.1850087358e-01
82                 4.4964591745e+02 -4.6097544622e-01 2.0545347841e+02 4.3710315477e+02 -4.5220807453e-01 2.0501423092e+02 1.2542762676e+01 -8.7673716870e-03 4.3924748892e-01
83                 4.5193758476e+02 -4.2125936880e-01 2.0691059785e+02 4.3943337627e+02 -4.1207955602e-01 2.0645412045e+02 1.2504208489e+01 -9.1798127825e-03 4.5647739188e-01
84                 4.5520257174e+02 -3.7924382988e-01 2.0870952136e+02 4.4274410361e+02 -3.7010026177e-01 2.0823381749e+02 1.2458468132e+01 -9.1435681135e-03 4.7570386909e-01
85                 4.5933093557e+02 -3.4088722095e-01 2.1065797671e+02 4.4693483926e+02 -3.3153329211e-01 2.1015828371e+02 1.2396096307e+01 -9.3539288425e-03 4.9969300221e-01
86                 4.6433947074e+02 -3.0699946744e-01 2.1256774373e+02 4.5201556177e+02 -2.9718553680e-01 2.1204593587e+02 1.2323908971e+01 -9.8139306359e-03 5.2180786050e-01
87                 4.7012811286e+02 -2.7761546444e-01 2.1412129694e+02 4.5787466187e+02 -2.6770363464e-01 2.1357803663e+02 1.2253450990e+01 -9.9118298070e-03 5.4326031942e-01
88                 4.7634749811e+02 -2.5027928173e-01 2.1498449946e+02 4.6417792335e+02 -2.4055327877e-01 2.1441784039e+02 1.2169574756e+01 -9.7260029644e-03 5.6665906531e-01
89                 4.8291327554e+02 -2.2238926421e-01 2.1497100971e+02 4.7080493101e+02 -2.1234750627e-01 2.1439292287e+02 1.2108344529e+01 -1.0041757934e-02 5.7808683992e-01
90                 4.8907393702e+02 -1.9565645987e-01 2.1404297963e+02 4.7703344183e+02 -1.8509317914e-01 2.1344882932e+02 1.2040495191e+01 -1.0563280732e-02 5.9415031306e-01
91                 4.9457149959e+02 -1.7628364880e-01 2.1218383366e+02 4.8259267324e+02 -1.6579084718e-01 2.1158897319e+02 1.1978826352e+01 -1.0492801618e-02 5.9486047050e-01
92                 4.9885239817e+02 -1.5147710389e-01 2.0983919498e+02 4.8692787263e+02 -1.4113356509e-01 2.0924426463e+02 1.1924525541e+01 -1.0343538803e-02 5.9493035116e-01
93                 5.0194208818e+02 -1.1612921636e-01 2.0743017539e+02 4.9005397731e+02 -1.0388237483e-01 2.0684700537e+02 1.1888110874e+01 -1.2246841536e-02 5.8317002241e-01
94                 5.0366509718e+02 -7.7092599057e-02 2.0533691349e+02 4.9181387353e+02 -6.6431943461e-02 2.0476428993e+02 1.1851223658e+01 -1.0660655595e-02 5.7262355864e-01
95                 5.0424007194e+02 -4.2273687870e-02 2.0379559975e+02 4.9241922078e+02 -3.1600155172e-02 2.0323411713e+02 1.1820851162e+01 -1.0673532698e-02 5.6148262467e-01
96                 5.0376481542e+02 -1.4912613824e-02 2.0289632503e+02 4.9196543404e+02 -4.1881741285e-03 2.0234537695e+02 1.1799381388e+01 -1.0724439695e-02 5.5094807829e-01
97                 5.0246411562e+02 -2.2096394384e-03 2.0268804011e+02 4.9067990170e+02 8.2918154390e-03 2.0214656030e+02 1.1784213920e+01 -1.0501454877e-02 5.4147981057e-01
98                 5.0060165703e+02 4.8838927306e-03 2.0313843383e+02 4.8882870671e+02 1.5643395487e-02 2.0260742482e+02 1.1772950320e+01 -1.0759502757e-02 5.3100901007e-01
99                 4.9859414837e+02 8.9947590645e-03 2.0414305388e+02 4.8681500761e+02 2.0020734941e-02 2.0362386132e+02 1.1779140758e+01 -1.1025975876e-02 5.1919255501e-01
100                4.9629321042e+02 9.6237752657e-03 2.0527908565e+02 4.8451207860e+02 2.2373768273e-02 2.0476593165e+02 1.1781131820e+01 -1.2749993007e-02 5.1315399933e-01
101                4.9422922541e+02 4.7105775634e-03 2.0670915593e+02 4.8242088459e+02 1.5470164806e-02 2.0621192084e+02 1.1808340825e+01 -1.0759587242e-02 4.9723509190e-01
102                4.9204979083e+02 -9.0757228567e-03 2.0802650555e+02 4.8020857153e+02 1.7745268787e-03 2.0753869219e+02 1.1841219306e+01 -1.0850249735e-02 4.8781335702e-01
103                4.8961098903e+02 -1.7758544385e-02 2.0907915570e+02 4.7775406196e+02 -3.7397920282e-03 2.0859347224e+02 1.1856927074e+01 -1.4018752356e-02 4.8568345141e-01
104                4.8724765416e+02 -3.1756183178e-02 2.1001910526e+02 4.7535143823e+02 -2.3180753494e-02 2.0954517715e+02 1.1896215935e+01 -8.5754296847e-03 4.7392811216e-01
105                4.8478112099e+02 -5.4478524817e-02 2.1138238488e+02 4.7283255988e+02 -4.2970258905e-02 2.1091963898e+02 1.1948561110e+01 -1.1508265912e-02 4.6274590327e-01
106                4.8208834701e+02 -8.0554473359e-02 2.1343512756e+02 4.7009889912e+02 -6.8461166527e-02 2.1297565007e+02 1.1989447894e+01 -1.2093306833e-02 4.5947749522e-01
107                4.7944706128e+02 -1.1256791235e-01 2.1632853355e+02 4.6741744198e+02 -1.0105869822e-01 2.1587368970e+02 1.2029619297e+01 -1.1509214132e-02 4.5484385238e-01
108                4.7673792410e+02 -1.4686192265e-01 2.2006371458e+02 4.6466195640e+02 -1.3569564300e-01 2.1961601024e+02 1.2075967705e+01 -1.1166279652e-02 4.4770433331e-01
109                4.7362808257e+02 -1.8439316878e-01 2.2421810076e+02 4.6152755409e+02 -1.7163813483e-01 2.2376092890e+02 1.2100528479e+01 -1.2755033943e-02 4.5717185916e-01
110                4.7073852801e+02 -2.1474976795e-01 2.2839476084e+02 4.5859258900e+02 -2.0326198226e-01 2.2794590075e+02 1.2145939010e+01 -1.1487785691e-02 4.4886008426e-01
111                4.6762222891e+02 -2.4983859381e-01 2.3232816527e+02 4.5542841257e+02 -2.3834182736e-01 2.3188237493e+02 1.2193816347e+01 -1.1496766448e-02 4.4579034446e-01
112                4.6444355598e+02 -2.7694749929e-01 2.3560557038e+02 4.5221082857e+02 -2.6391020625e-01 2.3515990199e+02 1.2232727406e+01 -1.3037293038e-02 4.4566839737e-01
113                4.6121954432e+02 -3.0425242043e-01 2.3827980455e+02 4.4895702635e+02 -2.9172792709e-01 2.3783305267e+02 1.2262517973e+01 -1.2524493338e-02 4.4675187974e-01
114                4.5818283815e+02 -3.2696205052e-01 2.4054936184e+02 4.4589175866e+02 -3.1614285801e-01 2.4010415905e+02 1.2291079490e+01 -1.0819192509e-02 4.4520278458e-01
115                4.5531870864e+02 -3.5169462642e-01 2.4244626867e+02 4.4301598431e+02 -3.3887302643e-01 2.4199438431e+02 1.2302724326e+01 -1.2821599987e-02 4.5188435800e-01
116                4.5294869258e+02 -3.7076925211e-01 2.4410526137e+02 4.4063659546e+02 -3.5775618130e-01 2.4364856284e+02 1.2312097127e+01 -1.3013070814e-02 4.5669852797e-01
117                4.5117424622e+02 -3.8514334081e-01 2.4558739828e+02 4.3885113599e+02 -3.7253572626e-01 2.4513129335e+02 1.2323110223e+01 -1.2607614549e-02 4.5610493305e-01
118                4.4976050912e+02 -3.9161140302e-01 2.4677044881e+02 4.3745968373e+02 -3.7976763690e-01 2.4629532898e+02 1.2300825391e+01 -1.1843766124e-02 4.7511983304e-01
119                4.4944171039e+02 -3.9915195175e-01 2.4774436957e+02 4.3713965542e+02 -3.8763840737e-01 2.4727020520e+02 1.2302054975e+01 -1.1513544382e-02 4.7416436743e-01
120                4.4982299627e+02 -4.0552534150e-01 2.4846526492e+02 4.3753388885e+02 -3.9302545447e-01 2.4798363107e+02 1.2289107424e+01 -1.2499887036e-02 4.8163385710e-01
121                4.5096072809e+02 -4.0385502061e-01 2.4879296626e+02 4.3870408847e+02 -3.9104280628e-01 2.4829778084e+02 1.2256639621e+01 -1.2812214331e-02 4.9518541239e-01
122                4.5297685854e+02 -4.0310770832e-01 2.4876651716e+02 4.4075093101e+02 -3.8902585883e-01 2.4825922190e+02 1.2225927534e+01 -1.4081849487e-02 5.0729525835e-01
123                4.5588563965e+02 -3.9351598204e-01 2.4843291012e+02 4.4368658094e+02 -3.8249676500e-01 2.4791943571e+02 1.2199058708e+01 -1.1019217041e-02 5.1347441460e-01
124                4.5934168345e+02 -3.8581324661e-01 2.4771565712e+02 4.4717913904e+02 -3.7355566238e-01 2.4719297917e+02 1.2162544411e+01 -1.2257584232e-02 5.2267795055e-01
125                4.6310613373e+02 -3.7420051412e-01 2.4646114599e+02 4.5099138957e+02 -3.6029699034e-01 2.4592376070e+02 1.2114744158e+01 -1.3903523784e-02 5.3738528441e-01
126                4.6704550377e+02 -3.6143830753e-01 2.4448688136e+02 4.5498558127e+02 -3.5007447377e-01 2.4393856371e+02 1.2059922493e+01 -1.1363833764e-02 5.4831764552e-01
127                4.7116518738e+02 -3.4879340327e-01 2.4203566134e+02 4.5913327523e+02 -3.3687196204e-01 2.4148845027e+02 1.2031912155e+01 -1.1921441225e-02 5.4721106993e-01
128                4.7469086496e+02 -3.2975322127e-01 2.3893888925e+02 4.6271781772e+02 -3.1568866616e-01 2.3837561946e+02 1.1973047238e+01 -1.4064555113e-02 5.6326978982e-01
129                4.7826111861e+02 -3.0002718545e-01 2.3559732790e+02 4.6631698138e+02 -2.8856021830e-01 2.3503849082e+02 1.1944137227e+01 -1.1466967150e-02 5.5883708360e-01
130                4.8117750526e+02 -2.8423070099e-01 2.3211072063e+02 4.6927208427e+02 -2.7177203185e-01 2.3154696670e+02 1.1905420992e+01 -1.2458669143e-02 5.6375393792e-01
131                4.8388994767e+02 -2.6138182548e-01 2.2878071580e+02 4.7200837700e+02 -2.5012733859e-01 2.2822438895e+02 1.1881570668e+01 -1.1254486889e-02 5.5632685176e-01
132                4.8594504265e+02 -2.4685115147e-01 2.2568852440e+02 4.7408669987e+02 -2.3576131003e-01 2.2513532726e+02 1.1858342771e+01 -1.1089841440e-02 5.5319713738e-01
133                4.8759990358e+02 -2.2101478586e-01 2.2318232626e+02 4.7575339603e+02 -2.0977863682e-01 2.2263795750e+02 1.1846507552e+01 -1.1236149039e-02 5.4436875818e-01
134                4.8841681593e+02 -2.0475661931e-01 2.2120060696e+02 4.7658899708e+02 -1.9523984778e-01 2.2065924022e+02 1.1827818849e+01 -9.5167715258e-03 5.4136674315e-01
135                4.8866115551e+02 -1.8104078686e-01 2.2003612670e+02 4.7683406114e+02 -1.7100564074e-01 2.1950341481e+02 1.1827094366e+01 -1.0035146121e-02 5.3271189106e-01
136                4.8804965761e+02 -1.6703296552e-01 2.1974381554e+02 4.7622148763e+02 -1.5664923488e-01 2.1921776947e+02 1.1828169985e+01 -1.0383730639e-02 5.2604606795e-01
137                4.8681693914e+02 -1.4538335205e-01 2.2051059306e+02 4.7497985246e+02 -1.3516676866e-01 2.1999168814e+02 1.1837086683e+01 -1.0216583384e-02 5.1890491909e-01
138                4.8495613857e+02 -1.4082173614e-01 2.2217425779e+02 4.7310640301e+02 -1.3013030711e-01 2.2165891842e+02 1.1849735554e+01 -1.0691429030e-02 5.1533937486e-01
139                4.8278159357e+02 -1.3604711471e-01 2.2477489616e+02 4.7091055026e+02 -1.2694751337e-01 2.2426608349e+02 1.1871043305e+01 -9.0996013383e-03 5.0881266985e-01
140                4.8035056887e+02 -1.4674882389e-01 2.2783996393e+02 4.6844954699e+02 -1.3753082878e-01 2.2733601657e+02 1.1901021880e+01 -9.2179951109e-03 5.0394736215e-01
141                4.7753795338e+02 -1.5008991062e-01 2.3093654574e+02 4.6561306952e+02 -1.4111784864e-01 2.3043296850e+02 1.1924883852e+01 -8.9720619869e-03 5.0357723902e-01
142                4.7481239305e+02 -1.6291758795e-01 2.3401766700e+02 4.6284637681e+02 -1.5397857080e-01 2.3352110004e+02 1.1966016235e+01 -8.9390171506e-03 4.9656696181e-01
143                4.7165668252e+02 -1.6915575054e-01 2.3675857225e+02 4.5966247529e+02 -1.5860309042e-01 2.3625711229e+02 1.1994207233e+01 -1.0552660121e-02 5.0145996538e-01
144                4.6863271329e+02 -1.8074215261e-01 2.3949943965e+02 4.5660688521e+02 -1.7282390900e-01 2.3900221627e+02 1.2025828084e+01 -7.9182436146e-03 4.9722338557e-01
145                4.6576665243e+02 -1.8802980164e-01 2.4231926273e+02 4.5369792295e+02 -1.7878145038e-01 2.4182603640e+02 1.2068729483e+01 -9.2483512572e-03 4.9322632288e-01
146                4.6295102567e+02 -2.0195882876e-01 2.4522341143e+02 4.5085649101e+02 -1.9210941669e-01 2.4472568273e+02 1.2094534664e+01 -9.8494120716e-03 4.9772869713e-01
147                4.6060760733e+02 -2.2071498400e-01 2.4824394913e+02 4.4847979615e+02 -2.1373342203e-01 2.4774884788e+02 1.2127811179e+01 -6.9815619772e-03 4.9510125246e-01
148                4.5862335377e+02 -2.4421384837e-01 2.5128935311e+02 4.4645659678e+02 -2.3556010195e-01 2.5079856632e+02 1.2166756993e+01 -8.6537464195e-03 4.9078678315e-01
149                4.5687999770e+02 -2.6486785419e-01 2.5411214017e+02 4.4468440291e+02 -2.5627708064e-01 2.5362185896e+02 1.2195594784e+01 -8.5907735501e-03 4.9028121161e-01
150                4.5521951543e+02 -2.8454756008e-01 2.5628817067e+02 4.4301424994e+02 -2.7609040835e-01 2.5578938987e+02 1.2205265489e+01 -8.4571517294e-03 4.9878080039e-01
151                4.5396923820e+02 -3.0281969273e-01 2.5778711576e+02 4.4174847585e+02 -2.9470248253e-01 2.5728578037e+02 1.2220762350e+01 -8.1172102059e-03 5.0133538422e-01
152                4.5309383717e+02 -3.1887369576e-01 2.5863534978e+02 4.4085824899e+02 -3.1059255634e-01 2.5813451175e+02 1.2235588178e+01 -8.2811394245e-03 5.0083803358e-01
153                4.5233244663e+02 -3.2745596096e-01 2.5886007667e+02 4.4009389377e+02 -3.2133401447e-01 2.5835014050e+02 1.2238552855e+01 -6.1219464879e-03 5.0993616825e-01
154                4.5193303834e+02 -3.3618368665e-01 2.5848288241e+02 4.3970431727e+02 -3.2935282387e-01 2.5796749000e+02 1.2228721072e+01 -6.8308627797e-03 5.1539241192e-01
155                4.5220367600e+02 -3.4425752583e-01 2.5784897744e+02 4.3995413037e+02 -3.3527772325e-01 2.5734067356e+02 1.2249545631e+01 -8.9798025778e-03 5.0830387523e-01
156                4.5257873487e+02 -3.4443003103e-01 2.5675476609e+02 4.4033519468e+02 -3.3692273394e-01 2.5623712524e+02 1.2243540182e+01 -7.5072970905e-03 5.1764084151e-01
157                4.5332092407e+02 -3.4545818276e-01 2.5532769958e+02 4.4108835518e+02 -3.3771762410e-01 2.5480585574e+02 1.2232568896e+01 -7.7405586623e-03 5.2184383440e-01
158                4.5434911796e+02 -3.4184396280e-01 2.5376913669e+02 4.4212707821e+02 -3.3341512017e-01 2.5323972893e+02 1.2222039743e+01 -8.4288426333e-03 5.2940775563e-01
159                4.5574968072e+02 -3.3845702492e-01 2.5213876904e+02 4.4353951876e+02 -3.2944953985e-01 2.5160930941e+02 1.2210161957e+01 -9.0074850657e-03 5.2945963191e-01
160                4.5745089766e+02 -3.3078704700e-01 2.5067095254e+02 4.4524480531e+02 -3.2372376927e-01 2.5014185762e+02 1.2206092343e+01 -7.0632777287e-03 5.2909492721e-01
161                4.5905428221e+02 -3.2164909476e-01 2.4915412506e+02 4.4688788831e+02 -3.1010503110e-01 2.4860832174e+02 1.2166393904e+01 -1.1544063658e-02 5.4580331800e-01
162                4.6119532246e+02 -3.0436313984e-01 2.4781849572e+02 4.4903122525e+02 -2.9699893347e-01 2.4727998549e+02 1.2164097207e+01 -7.3642063653e-03 5.3851023831e-01
163                4.6321251681e+02 -2.9027680958e-01 2.4656261571e+02 4.5106105668e+02 -2.8142786158e-01 2.4602125703e+02 1.2151460133e+01 -8.8489479996e-03 5.4135867452e-01
164                4.6514584053e+02 -2.7724688344e-01 2.4535270183e+02 4.5302587824e+02 -2.6810535203e-01 2.4480027363e+02 1.2119962289e+01 -9.1415314120e-03 5.5242819825e-01
165                4.6727611204e+02 -2.6945537365e-01 2.4415809927e+02 4.5516906103e+02 -2.6083284900e-01 2.4361019089e+02 1.2107051011e+01 -8.6225246417e-03 5.4790838414e-01
166                4.6918340562e+02 -2.5843039089e-01 2.4311409972e+02 4.5708761461e+02 -2.5018569360e-01 2.4256408664e+02 1.2095791014e+01 -8.2446972884e-03 5.5001307904e-01
167                4.7107618995e+02 -2.5956099047e-01 2.4214940480e+02 4.5899560726e+02 -2.5267504249e-01 2.4159979269e+02 1.2080582692e+01 -6.8859479788e-03 5.4961210076e-01
168                4.7253756100e+02 -2.5835783295e-01 2.4117278296e+02 4.6048909475e+02 -2.4733205820e-01 2.4061593812e+02 1.2048466253e+01 -1.1025774752e-02 5.5684483920e-01
169                4.7403952833e+02 -2.5285593117e-01 2.4046991491e+02 4.6199897041e+02 -2.4553524607e-01 2.3991952397e+02 1.2040557927e+01 -7.3206851016e-03 5.5039094205e-01
170                4.7524896681e+02 -2.5208880456e-01 2.4003032454e+02 4.6321410371e+02 -2.4333369065e-01 2.3948433669e+02 1.2034863101e+01 -8.7551139117e-03 5.4598785036e-01
171                4.7608887283e+02 -2.4738638629e-01 2.3982334843e+02 4.6407144286e+02 -2.3811893646e-01 2.3927797771e+02 1.2017429969e+01 -9.2674498225e-03 5.4537071471e-01
172                4.7672266556e+02 -2.4225533121e-01 2.3982505736e+02 4.6471788228e+02 -2.3264942071e-01 2.3928025653e+02 1.2004783281e+01 -9.6059104980e-03 5.4480083483e-01
173                4.7695778949e+02 -2.3458826680e-01 2.3995198254e+02 4.6496876155e+02 -2.2382764944e-01 2.3940533432e+02 1.1989027937e+01 -1.0760617359e-02 5.4664821997e-01
174                4.7706568280e+02 -2.2820821391e-01 2.4025462147e+02 4.6507932906e+02 -2.1847164988e-01 2.3971256986e+02 1.1986353735e+01 -9.7365640293e-03 5.4205160662e-01
175                4.7695453365e+02 -2.2343739591e-01 2.4085428602e+02 4.6495630858e+02 -2.1368800133e-01 2.4032024182e+02 1.1998225070e+01 -9.7493945826e-03 5.3404420177e-01
176                4.7619503356e+02 -2.1602439330e-01 2.4145452871e+02 4.6421482297e+02 -2.0401322189e-01 2.4091223399e+02 1.1980210592e+01 -1.2011171418e-02 5.4229472099e-01
177                4.7558767645e+02 -2.1176875765e-01 2.4232239117e+02 4.6359319154e+02 -2.0305530056e-01 2.4179066944e+02 1.1994484904e+01 -8.7134570880e-03 5.3172173113e-01
178                4.7446734762e+02 -2.1874965883e-01 2.4322170069e+02 4.6246079602e+02 -2.0910908286e-01 2.4269161305e+02 1.2006551600e+01 -9.6405759731e-03 5.3008764046e-01
179                4.7308305678e+02 -2.2380889745e-01 2.4422816075e+02 4.6107818185e+02 -2.1579775606e-01 2.4369429997e+02 1.2004874929e+01 -8.0111413876e-03 5.3386077970e-01
180                4.7178772715e+02 -2.4019507383e-01 2.4541707712e+02 4.5976016163e+02 -2.3073070516e-01 2.4489369512e+02 1.2027565518e+01 -9.4643686615e-03 5.2338199953e-01
181                4.7004109535e+02 -2.5556599690e-01 2.4671918618e+02 4.5799690775e+02 -2.4696926906e-01 2.4619690423e+02 1.2044187603e+01 -8.5967278418e-03 5.2228194834e-01
182                4.6821593441e+02 -2.7636360909e-01 2.4814191144e+02 4.5615915476e+02 -2.6669525058e-01 2.4762243222e+02 1.2056779650e+01 -9.6683585150e-03 5.1947922603e-01
183                4.6642793176e+02 -2.8758268079e-01 2.4963979708e+02 4.5435085848e+02 -2.7753836449e-01 2.4912427334e+02 1.2077073283e+01 -1.0044316308e-02 5.1552374163e-01
184                4.6459797371e+02 -3.0415505335e-01 2.5112091874e+02 4.5250169240e+02 -2.9516093334e-01 2.5060866292e+02 1.2096281310e+01 -8.9941200090e-03 5.1225581222e-01
185                4.6272966196e+02 -3.1666520738e-01 2.5240665730e+02 4.5062297775e+02 -3.0651196372e-01 2.5189387623e+02 1.2106684215e+01 -1.0153243666e-02 5.1278106736e-01
186                4.6081965923e+02 -3.2285448833e-01 2.5341972627e+02 4.4871033862e+02 -3.1443079886e-01 2.5290442125e+02 1.2109320607e+01 -8.4236894652e-03 5.1530501534e-01
187                4.5923954379e+02 -3.3855411849e-01 2.5432270413e+02 4.4711654716e+02 -3.2831567746e-01 2.5381042269e+02 1.2122996630e+01 -1.0238441027e-02 5.1228143975e-01
188                4.5796355949e+02 -3.4445733374e-01 2.5516517145e+02 4.4581555869e+02 -3.3656829610e-01 2.5465837899e+02 1.2148000792e+01 -7.8890376454e-03 5.0679245670e-01
189                4.5676219342e+02 -3.4895635686e-01 2.5572530328e+02 4.4460826108e+02 -3.4063115898e-01 2.5521524119e+02 1.2153932339e+01 -8.3251978812e-03 5.1006208901e-01
190                4.5592963199e+02 -3.6080519828e-01 2.5602231175e+02 4.4376377076e+02 -3.5133895176e-01 2.5551604258e+02 1.2165861227e+01 -9.4662465261e-03 5.0626916629e-01
191                4.5516545981e+02 -3.6148886704e-01 2.5588372680e+02 4.4300158987e+02 -3.5167701595e-01 2.5536970098e+02 1.2163869941e+01 -9.8118510860e-03 5.1402582716e-01
192                4.5471255448e+02 -3.6153584732e-01 2.5538778883e+02 4.4255613176e+02 -3.5246326433e-01 2.5487339951e+02 1.2156422722e+01 -9.0725829948e-03 5.1438931500e-01
193                4.5466700583e+02 -3.6182467617e-01 2.5481777496e+02 4.4250449616e+02 -3.5308154479e-01 2.5430198203e+02 1.2162509665e+01 -8.7431313822e-03 5.1579292637e-01
194                4.5506726755e+02 -3.6021786508e-01 2.5413080414e+02 4.4289410398e+02 -3.5024499824e-01 2.5362207383e+02 1.2173163571e+01 -9.9728668389e-03 5.0873031602e-01
195                4.5544251988e+02 -3.4958351080e-01 2.5326966658e+02 4.4327669927e+02 -3.4098177391e-01 2.5275822871e+02 1.2165820605e+01 -8.6017368917e-03 5.1143786915e-01
196                4.5600267578e+02 -3.3702359434e-01 2.5230748784e+02 4.4385477723e+02 -3.3027854956e-01 2.5178381804e+02 1.2147898552e+01 -6.7450447838e-03 5.2366980032e-01
197                4.5709584919e+02 -3.3371657240e-01 2.5126501061e+02 4.4493618567e+02 -3.2429509709e-01 2.5075211562e+02 1.2159663518e+01 -9.4214753079e-03 5.1289499705e-01
198                4.5798736120e+02 -3.2410224104e-01 2.5022198540e+02 4.4583123113e+02 -3.1477033703e-01 2.4970560612e+02 1.2156130068e+01 -9.3319040054e-03 5.1637927841e-01
199                4.5898292313e+02 -3.1514846244e-01 2.4919230713e+02 4.4684383804e+02 -3.0503131755e-01 2.4867017471e+02 1.2139085085e+01 -1.0117144896e-02 5.2213241284e-01
200                4.5993385891e+02 -3.0736156845e-01 2.4813143708e+02 4.4782134085e+02 -2.9840732223e-01 2.4760233378e+02 1.2112518061e+01 -8.9542462185e-03 5.2910330165e-01
201                4.6133930308e+02 -3.0088879053e-01 2.4749193503e+02 4.4920557396e+02 -2.9246485598e-01 2.4697595137e+02 1.2133729119e+01 -8.4239345501e-03 5.1598365389e-01
202                4.6229244776e+02 -2.9347258929e-01 2.4698306683e+02 4.5017063585e+02 -2.8565003645e-01 2.4645576856e+02 1.2121811911e+01 -7.8225528458e-03 5.2729826739e-01
203                4.6339088556e+02 -2.8964973879e-01 2.4666624075e+02 4.5127734358e+02 -2.8095532742e-01 2.4614186570e+02 1.2113541979e+01 -8.6944113684e-03 5.2437505708e-01
204                4.6420856035e+02 -2.8397439782e-01 2.4653320032e+02 4.5210660518e+02 -2.7791718675e-01 2.4600532490e+02 1.2101955169e+01 -6.0572110619e-03 5.2787541679e-01
205                4.6491992971e+02 -2.8792648179e-01 2.4657378482e+02 4.5283934471e+02 -2.7877881154e-01 2.4604046627e+02 1.2080584999e+01 -9.1476702508e-03 5.3331854755e-01
206                4.6574849770e+02 -2.8393943652e-01 2.4688586847e+02 4.5366016596e+02 -2.7606518405e-01 2.4635797811e+02 1.2088331741e+01 -7.8742524754e-03 5.2789036485e-01
207                4.6633111629e+02 -2.8799820385e-01 2.4739832037e+02 4.5424260012e+02 -2.8226038369e-01 2.4687051425e+02 1.2088516169e+01 -5.7378201592e-03 5.2780611977e-01
208                4.6663242869e+02 -2.9006771844e-01 2.4789064893e+02 4.5456771401e+02 -2.7999231572e-01 2.4735329207e+02 1.2064714685e+01 -1.0075402714e-02 5.3735686022e-01
209                4.6712938754e+02 -2.8604935783e-01 2.4849766050e+02 4.5506048878e+02 -2.7799339993e-01 2.4796680811e+02 1.2068898761e+01 -8.0559579038e-03 5.3085239339e-01
210                4.6740530165e+02 -2.8698595659e-01 2.4913097997e+02 4.5533532548e+02 -2.8026777275e-01 2.4860151433e+02 1.2069976170e+01 -6.7181838438e-03 5.2946564404e-01
211                4.6740044286e+02 -2.8313949424e-01 2.4961145589e+02 4.5535236450e+02 -2.7483569338e-01 2.4907496224e+02 1.2048078354e+01 -8.3038008556e-03 5.3649365368e-01
212                4.6758962354e+02 -2.8006334232e-01 2.5013079623e+02 4.5553919065e+02 -2.7387623056e-01 2.4959648494e+02 1.2050432886e+01 -6.1871117616e-03 5.3431129549e-01
213                4.6762398373e+02 -2.7892992216e-01 2.5055687697e+02 4.5556930364e+02 -2.7084661187e-01 2.5002521359e+02 1.2054680089e+01 -8.0833102848e-03 5.3166338139e-01
214                4.6758790233e+02 -2.7181180520e-01 2.5096812773e+02 4.5553287842e+02 -2.6422382550e-01 2.5043679267e+02 1.2055023911e+01 -7.5879796969e-03 5.3133506153e-01
215                4.6737461685e+02 -2.7505100270e-01 2.5123416059e+02 4.5532856912e+02 -2.6754199370e-01 2.5069917579e+02 1.2046047727e+01 -7.5090090032e-03 5.3498480508e-01
216                4.6722294466e+02 -2.7889305863e-01 2.5141517074e+02 4.5517606220e+02 -2.7124362380e-01 2.5088310864e+02 1.2046882467e+01 -7.6494348250e-03 5.3206209578e-01
217                4.6688002267e+02 -2.7971781124e-01 2.5155914251e+02 4.5483125623e+02 -2.7166289580e-01 2.5102565502e+02 1.2048766446e+01 -8.0549154390e-03 5.3348748182e-01
218                4.6660316497e+02 -2.8339884868e-01 2.5158092340e+02 4.5455173664e+02 -2.7543264508e-01 2.5105153034e+02 1.2051428328e+01 -7.9662036046e-03 5.2939306161e-01
219                4.6611751256e+02 -2.8600481485e-01 2.5150854790e+02 4.5406293386e+02 -2.7910125037e-01 2.5097939682e+02 1.2054578707e+01 -6.9035644847e-03 5.2915108351e-01
220                4.6551755839e+02 -2.8548880187e-01 2.5126240123e+02 4.5347031797e+02 -2.7855244446e-01 2.5073201837e+02 1.2047240424e+01 -6.9363574118e-03 5.3038285796e-01
221                4.6510737317e+02 -2.8893330248e-01 2.5107552217e+02 4.5304371443e+02 -2.8154092994e-01 2.5055418711e+02 1.2063658740e+01 -7.3923725471e-03 5.2133506039e-01
222                4.6438522956e+02 -2.9109514416e-01 2.5071215965e+02 4.5232232853e+02 -2.8204406000e-01 2.5018637016e+02 1.2062901024e+01 -9.0510841523e-03 5.2578949004e-01
223                4.6373952077e+02 -2.9107104905e-01 2.5031828154e+02 4.5167645507e+02 -2.8559622933e-01 2.4979444173e+02 1.2063065702e+01 -5.4748197245e-03 5.2383980812e-01
224                4.6321571760e+02 -3.0258561067e-01 2.5000104985e+02 4.5113543907e+02 -2.9580813110e-01 2.4948394134e+02 1.2080278525e+01 -6.7774795698e-03 5.1710851132e-01
225                4.6260587679e+02 -3.0286031146e-01 2.4971214404e+02 4.5051453574e+02 -2.9431682595e-01 2.4919671241e+02 1.2091341052e+01 -8.5434855147e-03 5.1543163265e-01
226                4.6202083915e+02 -3.0812165204e-01 2.4939214515e+02 4.4992697209e+02 -3.0259598079e-01 2.4887623079e+02 1.2093867059e+01 -5.5256712516e-03 5.1591436156e-01
227                4.6139738522e+02 -3.1643115443e-01 2.4899516588e+02 4.4930410326e+02 -3.0982583815e-01 2.4847992158e+02 1.2093281966e+01 -6.6053162836e-03 5.1524430670e-01
228                4.6105872788e+02 -3.2190722938e-01 2.4874060641e+02 4.4894749469e+02 -3.1482879264e-01 2.4823173717e+02 1.2111233184e+01 -7.0784367381e-03 5.0886923750e-01
229                4.6057489176e+02 -3.2393399563e-01 2.4846477444e+02 4.4845793237e+02 -3.1778603965e-01 2.4795288800e+02 1.2116959388e+01 -6.1479559835e-03 5.1188644142e-01
230                4.6009003547e+02 -3.3392732214e-01 2.4815555292e+02 4.4798217722e+02 -3.2591872872e-01 2.4763983523e+02 1.2107858250e+01 -8.0085934256e-03 5.1571769216e-01
231                4.5990240230e+02 -3.3675772840e-01 2.4806581244e+02 4.4777668864e+02 -3.3015762134e-01 2.4755742769e+02 1.2125713662e+01 -6.6001070626e-03 5.0838475555e-01
232                4.5962059017e+02 -3.3901149821e-01 2.4802308630e+02 4.4749290272e+02 -3.3322445638e-01 2.4751178718e+02 1.2127687454e+01 -5.7870418297e-03 5.1129912277e-01
233                4.5934298328e+02 -3.4483684755e-01 2.4805378336e+02 4.4722173784e+02 -3.3654171485e-01 2.4753904129e+02 1.2121245438e+01 -8.2951326963e-03 5.1474207473e-01
234                4.5932166566e+02 -3.4290516507e-01 2.4822938973e+02 4.4719071071e+02 -3.3732716754e-01 2.4771723487e+02 1.2130954955e+01 -5.5779975294e-03 5.1215486151e-01
235                4.5938176244e+02 -3.4182251546e-01 2.4853029409e+02 4.4723969318e+02 -3.3471312743e-01 2.4802232990e+02 1.2142069264e+01 -7.1093880377e-03 5.0796419036e-01
236                4.5920753100e+02 -3.4091461773e-01 2.4878788479e+02 4.4707728130e+02 -3.3238592545e-01 2.4826968606e+02 1.2130249697e+01 -8.5286922809e-03 5.1819873192e-01
237                4.5926132154e+02 -3.3307553736e-01 2.4897385412e+02 4.4713791427e+02 -3.2768031391e-01 2.4845393912e+02 1.2123407275e+01 -5.3952234502e-03 5.1991500407e-01
238                4.5962731353e+02 -3.3266375939e-01 2.4927404239e+02 4.4748856649e+02 -3.2576654100e-01 2.4876086585e+02 1.2138747041e+01 -6.8972183855e-03 5.1317653730e-01
239                4.5979377349e+02 -3.2154142278e-01 2.4950964805e+02 4.4766197601e+02 -3.1222462810e-01 2.4898956129e+02 1.2131797472e+01 -9.3167946839e-03 5.2008675665e-01
240                4.6002263867e+02 -3.1579514379e-01 2.4956066437e+02 4.4791423211e+02 -3.0838668035e-01 2.4903423302e+02 1.2108406559e+01 -7.4084634382e-03 5.2643135097e-01
241                4.6067060002e+02 -3.1096402066e-01 2.4972323595e+02 4.4854588822e+02 -3.0405298781e-01 2.4920550123e+02 1.2124711803e+01 -6.9110328527e-03 5.1773472364e-01
242                4.6098908474e+02 -3.0297178354e-01 2.4977538434e+02 4.4887841873e+02 -2.9740047107e-01 2.4924853519e+02 1.2110666012e+01 -5.5713124665e-03 5.2684914792e-01
243                4.6156055297e+02 -3.0654973110e-01 2.4981249054e+02 4.4945642378e+02 -2.9890808343e-01 2.4928479528e+02 1.2104129188e+01 -7.6416476680e-03 5.2769525926e-01
244                4.6217533257e+02 -2.9807187001e-01 2.4984161779e+02 4.5006798746e+02 -2.9013460185e-01 2.4931469693e+02 1.2107345109e+01 -7.9372681567e-03 5.2692085974e-01
245                4.6263365751e+02 -2.9368143841e-01 2.4979607138e+02 4.5054466126e+02 -2.8921802983e-01 2.4926265540e+02 1.2088996252e+01 -4.4634085777e-03 5.3341597954e-01
246                4.6336093889e+02 -2.9971906206e-01 2.4991229498e+02 4.5126514982e+02 -2.9270265148e-01 2.4938639207e+02 1.2095789062e+01 -7.0164105809e-03 5.2590290372e-01
247                4.6399132059e+02 -3.0055170788e-01 2.5008954103e+02 4.5189270129e+02 -2.9239105406e-01 2.4956485159e+02 1.2098619292e+01 -8.1606538145e-03 5.2468943647e-01
248                4.6432433255e+02 -3.0248576641e-01 2.5012426163e+02 4.5224790777e+02 -2.9648599300e-01 2.4959137091e+02 1.2076424781e+01 -5.9997734115e-03 5.3289071693e-01
249                4.6487092973e+02 -3.0729746055e-01 2.5024656338e+02 4.5279286828e+02 -3.0102713493e-01 2.4971546594e+02 1.2078061450e+01 -6.2703256236e-03 5.3109744151e-01
250                4.6518678303e+02 -3.1103517927e-01 2.5023177518e+02 4.5311408408e+02 -3.0267940613e-01 2.4969844779e+02 1.2072698950e+01 -8.3557731407e-03 5.3332739307e-01
251                4.6551937421e+02 -3.0907168337e-01 2.5025357358e+02 4.5344724272e+02 -3.0209917907e-01 2.4972364270e+02 1.2072131487e+01 -6.9725043011e-03 5.2993087999e-01
252                4.6570970736e+02 -3.1444515545e-01 2.5027767506e+02 4.5363715870e+02 -3.0735416825e-01 2.4974761997e+02 1.2072548658e+01 -7.0909871965e-03 5.3005508451e-01
253                4.6582017923e+02 -3.1066139854e-01 2.5027799931e+02 4.5375045988e+02 -3.0286096247e-01 2.4974705019e+02 1.2069719352e+01 -7.8004360749e-03 5.3094911882e-01
254                4.6580904106e+02 -3.1082881079e-01 2.5020419243e+02 4.5374718059e+02 -3.0430280806e-01 2.4967362054e+02 1.2061860472e+01 -6.5260027291e-03 5.3057189048e-01
255                4.6580024037e+02 -3.1174921226e-01 2.5018846458e+02 4.5373396279e+02 -3.0371207925e-01 2.4965928977e+02 1.2066277577e+01 -8.0371330026e-03 5.2917481445e-01
256                4.6569120396e+02 -3.1347853309e-01 2.5011020859e+02 4.5362686553e+02 -3.0583465943e-01 2.4958038172e+02 1.2064338432e+01 -7.6438736647e-03 5.2982687297e-01
257                4.6553505473e+02 -3.0788679248e-01 2.5005842559e+02 4.5346659189e+02 -3.0100924913e-01 2.4953151770e+02 1.2068462837e+01 -6.8775433453e-03 5.2690789027e-01
258                4.6520474906e+02 -3.1402471732e-01 2.4992928416e+02 4.5314326665e+02 -3.0763252198e-01 2.4939530869e+02 1.2061482407e+01 -6.3921953380e-03 5.3397547164e-01
259                4.6501616716e+02 -3.1691384190e-01 2.4977206572e+02 4.5294909043e+02 -3.0947828973e-01 2.4924494609e+02 1.2067076738e+01 -7.4355521718e-03 5.2711963130e-01
260                4.6467928480e+02 -3.1524380629e-01 2.4959967414e+02 4.5260755728e+02 -3.0895126482e-01 2.4907344271e+02 1.2071727521e+01 -6.2925414764e-03 5.2623143324e-01
261                4.6429621419e+02 -3.2381634585e-01 2.4936222088e+02 4.5222785507e+02 -3.1638618883e-01 2.4883498684e+02 1.2068359115e+01 -7.4301570159e-03 5.2723403782e-01
262                4.6403994613e+02 -3.2013619850e-01 2.4914733530e+02 4.5196305724e+02 -3.1349272094e-01 2.4862545374e+02 1.2076888896e+01 -6.6434775560e-03 5.2188156713e-01
263                4.6367058334e+02 -3.2285729197e-01 2.4890346456e+02 4.5159331307e+02 -3.1660217978e-01 2.4837795320e+02 1.2077270267e+01 -6.2551121875e-03 5.2551136525e-01
264                4.6340605791e+02 -3.2577562316e-01 2.4867900524e+02 4.5132405323e+02 -3.1841532369e-01 2.4815750014e+02 1.2082004682e+01 -7.3602994670e-03 5.2150509364e-01
265                4.6313390303e+02 -3.2145480927e-01 2.4851634973e+02 4.5104139546e+02 -3.1613992393e-01 2.4799822379e+02 1.2092507573e+01 -5.3148853390e-03 5.1812594769e-01
266                4.6271321612e+02 -3.2175422596e-01 2.4830022546e+02 4.5062735586e+02 -3.1579669695e-01 2.4777949421e+02 1.2085860257e+01 -5.9575290063e-03 5.2073125132e-01
267                4.6254166593e+02 -3.2287761224e-01 2.4823540609e+02 4.5044370715e+02 -3.1804146200e-01 2.4771863095e+02 1.2097958775e+01 -4.8361502414e-03 5.1677513482e-01
268                4.6217334072e+02 -3.2442131152e-01 2.4813302457e+02 4.5007435161e+02 -3.1790320373e-01 2.4761526486e+02 1.2098989111e+01 -6.5181077892e-03 5.1775970881e-01
269                4.6204913791e+02 -3.2464133362e-01 2.4820676232e+02 4.4993679119e+02 -3.1798574995e-01 2.4769467618e+02 1.2112346718e+01 -6.6555836782e-03 5.1208613877e-01
270                4.6162549526e+02 -3.2156106721e-01 2.4821888560e+02 4.4952201186e+02 -3.1613075121e-01 2.4769746547e+02 1.2103483403e+01 -5.4303160047e-03 5.2142013814e-01
271                4.6139144772e+02 -3.3109134688e-01 2.4828354301e+02 4.4928951865e+02 -3.2409547617e-01 2.4776353151e+02 1.2101929072e+01 -6.9958707100e-03 5.2001150281e-01
272                4.6129236025e+02 -3.2760956105e-01 2.4852538089e+02 4.4917202513e+02 -3.2068567426e-01 2.4801352796e+02 1.2120335121e+01 -6.9238867889e-03 5.1185293316e-01
273                4.6100307531e+02 -3.2571253872e-01 2.4875054715e+02 4.4888526117e+02 -3.2059419407e-01 2.4823223441e+02 1.2117814144e+01 -5.1183446505e-03 5.1831273272e-01
274                4.6079091125e+02 -3.3039228332e-01 2.4892615055e+02 4.4868036504e+02 -3.2292679560e-01 2.4840675009e+02 1.2110546210e+01 -7.4654877245e-03 5.1940046077e-01
275                4.6062656104e+02 -3.2554812881e-01 2.4914311747e+02 4.4851881748e+02 -3.2019421146e-01 2.4862251049e+02 1.2107743556e+01 -5.3539173571e-03 5.2060697458e-01
276                4.6072727584e+02 -3.2581090775e-01 2.4949752646e+02 4.4860627349e+02 -3.1761992903e-01 2.4898156680e+02 1.2121002350e+01 -8.1909787176e-03 5.1595966295e-01
277                4.6085847150e+02 -3.2667406222e-01 2.4988932910e+02 4.4872877208e+02 -3.1927751788e-01 2.4937429432e+02 1.2129699422e+01 -7.3965443372e-03 5.1503477719e-01
278                4.6087157173e+02 -3.1656066120e-01 2.5018558857e+02 4.4874547427e+02 -3.1127919906e-01 2.4966768191e+02 1.2126097453e+01 -5.2814621449e-03 5.1790665868e-01
279                4.6085921264e+02 -3.1626081657e-01 2.5032164553e+02 4.4875046571e+02 -3.0791146319e-01 2.4979602938e+02 1.2108746928e+01 -8.3493533827e-03 5.2561614601e-01
280                4.6111284103e+02 -3.0955566992e-01 2.5042983640e+02 4.4900242412e+02 -3.0283278811e-01 2.4990815590e+02 1.2110416906e+01 -6.7228818062e-03 5.2168050271e-01
281                4.6137562311e+02 -3.1440964999e-01 2.5055566467e+02 4.4926086868e+02 -3.0736094636e-01 2.5003536461e+02 1.2114754435e+01 -7.0487036328e-03 5.2030005840e-01
282                4.6161325492e+02 -3.0903708664e-01 2.5062788169e+02 4.4950570463e+02 -3.0061523604e-01 2.5010228505e+02 1.2107550286e+01 -8.4218505979e-03 5.2559663892e-01
283                4.6183208759e+02 -3.0604130844e-01 2.5054405877e+02 4.4973838377e+02 -3.0089020062e-01 2.5001452977e+02 1.2093703823e+01 -5.1511078226e-03 5.2952899316e-01
284                4.6235890595e+02 -3.0955994508e-01 2.5058667432e+02 4.5025268634e+02 -3.0235989019e-01 2.5006534504e+02 1.2106219601e+01 -7.2000548889e-03 5.2132928003e-01
285                4.6253226830e+02 -3.0701758977e-01 2.5051285451e+02 4.5043883874e+02 -2.9805185896e-01 2.4998226524e+02 1.2093429562e+01 -8.9657308095e-03 5.3058927514e-01
286                4.6293247185e+02 -3.0638655666e-01 2.5037428205e+02 4.5084752453e+02 -2.9934357344e-01 2.4984556040e+02 1.2084947320e+01 -7.0429832159e-03 5.2872165151e-01
287                4.6337705029e+02 -3.1071178246e-01 2.5028057127e+02 4.5128447361e+02 -3.0349947687e-01 2.4975615637e+02 1.2092576679e+01 -7.2123055926e-03 5.2441489836e-01
288                4.6350975399e+02 -3.0520117327e-01 2.5009358623e+02 4.5144091624e+02 -3.0003876837e-01 2.4955870076e+02 1.2068837749e+01 -5.1624048943e-03 5.3488547234e-01
289                4.6401752575e+02 -3.1215836661e-01 2.4999620987e+02 4.5193996751e+02 -3.0539397487e-01 2.4946909268e+02 1.2077558246e+01 -6.7643917460e-03 5.2711719079e-01
290                4.6428501963e+02 -3.0868151619e-01 2.4993825008e+02 4.5219947666e+02 -3.0067878892e-01 2.4940994531e+02 1.2085542968e+01 -8.0027272688e-03 5.2830477224e-01
291                4.6453688861e+02 -3.0836206422e-01 2.4983282138e+02 4.5245972301e+02 -3.0165840091e-01 2.4930510805e+02 1.2077165600e+01 -6.7036633053e-03 5.2771332735e-01
292                4.6460877534e+02 -3.1421929904e-01 2.4973515820e+02 4.5254497089e+02 -3.0606533095e-01 2.4920207131e+02 1.2063804450e+01 -8.1539680959e-03 5.3308688221e-01
293                4.6500197100e+02 -3.1465107923e-01 2.4979815467e+02 4.5292229828e+02 -3.0707165521e-01 2.4927441754e+02 1.2079672721e+01 -7.5794240175e-03 5.2373712638e-01
294                4.6491983547e+02 -3.1205768383e-01 2.4975734938e+02 4.5284456008e+02 -3.0667032008e-01 2.4922751639e+02 1.2075275392e+01 -5.3873637466e-03 5.2983298814e-01
295                4.6490025916e+02 -3.1565814725e-01 2.4972835691e+02 4.5283462591e+02 -3.0747442453e-01 2.4919852521e+02 1.2065633249e+01 -8.1837227281e-03 5.2983170568e-01
296                4.6493941956e+02 -3.1165540902e-01 2.4976899395e+02 4.5286517071e+02 -3.0448126526e-01 2.4924486884e+02 1.2074248851e+01 -7.1741437552e-03 5.2412510327e-01
297                4.6486232659e+02 -3.1503195110e-01 2.4983492333e+02 4.5278465220e+02 -3.0819928843e-01 2.4931201045e+02 1.2077674391e+01 -6.8326626704e-03 5.2291287886e-01
298                4.6446682353e+02 -3.0877234996e-01 2.4980521085e+02 4.5241060559e+02 -3.0276877388e-01 2.4927239605e+02 1.2056217933e+01 -6.0035760829e-03 5.3281480582e-01
299                4.6450899488e+02 -3.1262780808e-01 2.4991519987e+02 4.5243418161e+02 -3.0599843352e-01 2.4939328555e+02 1.2074813266e+01 -6.6293745576e-03 5.2191432022e-01
300                4.6414167259e+02 -3.0885827322e-01 2.4993276119e+02 4.5206228047e+02 -3.0054089281e-01 2.4940788343e+02 1.2079392117e+01 -8.3173804030e-03 5.2487775770e-01
