# Moment          
# CofR            : (-1.4000000000e+00 0.0000000000e+00 0.0000000000e+00)
#
# Time            	total_x total_y total_z	pressure_x pressure_y pressure_z	viscous_x viscous_y viscous_z
1                  -4.9888139253e-03 1.6528112444e+03 -2.5834494857e-01 -7.0828321336e-03 1.6467949874e+03 -2.7555299550e-01 2.0940182084e-03 6.0162570501e+00 1.7208046931e-02
2                  8.3537097214e-02 1.8556558003e+03 -7.4857394374e-01 8.0276180083e-02 1.8496392823e+03 -7.6747460159e-01 3.2609171315e-03 6.0165179548e+00 1.8900657856e-02
3                  -6.8855079898e-02 1.5164694981e+03 -1.0233717022e+00 -7.3283801548e-02 1.5104723665e+03 -1.0435624985e+00 4.4287216498e-03 5.9971315845e+00 2.0190796361e-02
4                  -1.1539420423e-01 8.9050726431e+02 -1.2305927527e+00 -1.2074805811e-01 8.8452147186e+02 -1.2518637088e+00 5.3538538771e-03 5.9857924569e+00 2.1270956101e-02
5                  8.5684061483e-02 2.3706729302e+02 -1.5615569407e+00 7.9536191865e-02 2.3106256281e+02 -1.5835312750e+00 6.1478696180e-03 6.0047302087e+00 2.1974334260e-02
6                  4.4990742726e-01 -2.8700281022e+02 -1.8629751082e+00 4.4330983776e-01 -2.9304600909e+02 -1.8855423058e+00 6.5975895061e-03 6.0431988680e+00 2.2567197622e-02
7                  8.0461176257e-01 -6.0468435716e+02 -1.9310490073e+00 7.9776186568e-01 -6.1076785145e+02 -1.9548473950e+00 6.8498968843e-03 6.0834942848e+00 2.3798387684e-02
8                  1.1096755774e+00 -6.9820226607e+02 -1.5776298884e+00 1.1027650724e+00 -7.0422855688e+02 -1.6029994338e+00 6.9105050630e-03 6.0262908089e+00 2.5369545332e-02
9                  1.2581088693e+00 -6.1234618246e+02 -8.5315511663e-01 1.2514465432e+00 -6.1843470514e+02 -8.8030967000e-01 6.6623260575e-03 6.0885226727e+00 2.7154553371e-02
10                 1.2909671175e+00 -4.1363637979e+02 1.1104552444e-01 1.2847269866e+00 -4.1984502736e+02 8.1706935499e-02 6.2401309307e-03 6.2086475763e+00 2.9338588941e-02
11                 1.1683358935e+00 -1.7215828088e+02 1.0067971335e+00 1.1624926282e+00 -1.7849011693e+02 9.7471938545e-01 5.8432653268e-03 6.3318360572e+00 3.2077748046e-02
12                 8.7698298088e-01 5.2951055640e+01 2.0176363309e+00 8.7156152478e-01 4.6490104338e+01 1.9838012175e+00 5.4214561032e-03 6.4609513022e+00 3.3835113456e-02
13                 4.5661941274e-01 2.2582175185e+02 2.7745719901e+00 4.5162926870e-01 2.1921509722e+02 2.7391168927e+00 4.9901440374e-03 6.6066546286e+00 3.5455097424e-02
14                 -1.2739460777e-01 3.3582485988e+02 3.2962792167e+00 -1.3219530563e-01 3.2903486368e+02 3.2607166725e+00 4.8006978647e-03 6.7899962023e+00 3.5562544256e-02
15                 -6.8648470087e-01 3.8276162369e+02 3.6453778625e+00 -6.9091618106e-01 3.7581694306e+02 3.6088534308e+00 4.4314801875e-03 6.9446806340e+00 3.6524431662e-02
16                 -1.1822820231e+00 3.8321013364e+02 3.7657900073e+00 -1.1864108696e+00 3.7614372132e+02 3.7287979595e+00 4.1288464116e-03 7.0664123224e+00 3.6992047805e-02
17                 -1.5303941311e+00 3.5094830222e+02 3.5846668841e+00 -1.5343033803e+00 3.4378106131e+02 3.5466819987e+00 3.9092492246e-03 7.1672409019e+00 3.7984885443e-02
18                 -1.7623218894e+00 2.9867329879e+02 3.2579577302e+00 -1.7658600099e+00 2.9142230509e+02 3.2175427732e+00 3.5381204269e-03 7.2509936996e+00 4.0414957038e-02
19                 -1.8451057651e+00 2.3763036990e+02 2.6893518256e+00 -1.8489580954e+00 2.3029197946e+02 2.6530020285e+00 3.8523302929e-03 7.3383904378e+00 3.6349797082e-02
20                 -1.7183689429e+00 1.7630488555e+02 1.9374462561e+00 -1.7216941443e+00 1.6885670848e+02 1.9001653887e+00 3.3252013930e-03 7.4481770660e+00 3.7280867404e-02
21                 -1.3467442827e+00 1.2352745888e+02 9.1098445266e-01 -1.3495753316e+00 1.1596832075e+02 8.7164298941e-01 2.8310489614e-03 7.5591381271e+00 3.9341463247e-02
22                 -8.7761389371e-01 8.0150092750e+01 -1.1737022548e-02 -8.8000655260e-01 7.2482095200e+01 -5.1329922301e-02 2.3926588903e-03 7.6679975505e+00 3.9592899752e-02
23                 -3.8162294013e-01 4.5432178848e+01 -8.6578899105e-01 -3.8388790579e-01 3.7659450242e+01 -9.0433166140e-01 2.2649656626e-03 7.7727286056e+00 3.8542670355e-02
24                 1.1607307751e-01 1.8138450511e+01 -1.5033891399e+00 1.1389631648e-01 1.0256930233e+01 -1.5406391925e+00 2.1767610328e-03 7.8815202781e+00 3.7250052536e-02
25                 6.0146297078e-01 -5.5362645030e+00 -2.0261373821e+00 5.9971926656e-01 -1.3520697423e+01 -2.0637411254e+00 1.7437042165e-03 7.9844329202e+00 3.7603743347e-02
26                 9.9371432640e-01 -2.9153904551e+01 -2.3189613983e+00 9.9198227197e-01 -3.7246352814e+01 -2.3554846948e+00 1.7320544275e-03 8.0924482633e+00 3.6523296514e-02
27                 1.3136885055e+00 -5.4366484087e+01 -2.5273038960e+00 1.3117272660e+00 -6.2586480567e+01 -2.5616630403e+00 1.9612394779e-03 8.2199964798e+00 3.4359144263e-02
28                 1.4525762798e+00 -8.3535211255e+01 -2.4396423884e+00 1.4505169905e+00 -9.1891539444e+01 -2.4723163015e+00 2.0592892849e-03 8.3563281890e+00 3.2673913109e-02
29                 1.3988864434e+00 -1.1590891890e+02 -2.1268277486e+00 1.3965404724e+00 -1.2444037810e+02 -2.1619444176e+00 2.3459710555e-03 8.5314591933e+00 3.5116668981e-02
30                 1.2295389752e+00 -1.4886455301e+02 -1.7814721030e+00 1.2250870277e+00 -1.5757053643e+02 -1.8044594522e+00 4.4519474165e-03 8.7059834246e+00 2.2987349274e-02
31                 1.0283984486e+00 -1.8001924058e+02 -1.5134776633e+00 1.0254000084e+00 -1.8892349981e+02 -1.5434234758e+00 2.9984401957e-03 8.9042592297e+00 2.9945812481e-02
32                 8.0391030717e-01 -2.0766470505e+02 -1.3228683153e+00 7.9744066960e-01 -2.1680716463e+02 -1.3419953706e+00 6.4696375682e-03 9.1424595756e+00 1.9127055347e-02
33                 6.8050363946e-01 -2.3408794232e+02 -1.3467570059e+00 6.7533480584e-01 -2.4346593081e+02 -1.3746172263e+00 5.1688336246e-03 9.3779884908e+00 2.7860220355e-02
34                 6.4707880457e-01 -2.6029677517e+02 -1.5198485422e+00 6.3967243724e-01 -2.6985048864e+02 -1.5322876970e+00 7.4063673330e-03 9.5537134719e+00 1.2439154860e-02
35                 6.8078643078e-01 -2.8774937397e+02 -1.7475678066e+00 6.7377246443e-01 -2.9748473473e+02 -1.7635990458e+00 7.0139663495e-03 9.7353607604e+00 1.6031239258e-02
36                 7.1022300608e-01 -3.1659795349e+02 -1.8292397226e+00 7.0169141488e-01 -3.2645718990e+02 -1.8444036549e+00 8.5315912010e-03 9.8592364136e+00 1.5163932324e-02
37                 7.1850802266e-01 -3.4665418549e+02 -1.8524720265e+00 7.1012714003e-01 -3.5659923341e+02 -1.8672084910e+00 8.3808826283e-03 9.9450479255e+00 1.4736464506e-02
38                 7.1324826298e-01 -3.7823219044e+02 -1.8201670769e+00 7.0485659142e-01 -3.8820225773e+02 -1.8354181325e+00 8.3916715616e-03 9.9700672861e+00 1.5251055640e-02
39                 6.6665052184e-01 -4.1048412409e+02 -1.7067876259e+00 6.5825686201e-01 -4.2041677560e+02 -1.7221094443e+00 8.3936598246e-03 9.9326515198e+00 1.5321818326e-02
40                 6.0562493587e-01 -4.4315810300e+02 -1.5089906276e+00 5.9729312118e-01 -4.5301320468e+02 -1.5232719876e+00 8.3318146955e-03 9.8551016847e+00 1.4281360049e-02
41                 5.6396510422e-01 -4.7471254305e+02 -1.2820362103e+00 5.5594878394e-01 -4.8442414103e+02 -1.3002826661e+00 8.0163202853e-03 9.7115979770e+00 1.8246455809e-02
42                 5.3985131949e-01 -5.0329331056e+02 -1.0490093120e+00 5.3215885099e-01 -5.1280858601e+02 -1.0689694579e+00 7.6924684982e-03 9.5152754548e+00 1.9960145864e-02
43                 5.0534035157e-01 -5.2521022179e+02 -8.0570713052e-01 4.9788151865e-01 -5.3451637664e+02 -8.2741922862e-01 7.4588329209e-03 9.3061548456e+00 2.1712098098e-02
44                 4.9822270954e-01 -5.4090988035e+02 -6.6735402579e-01 4.9102708693e-01 -5.5002339317e+02 -6.9109843010e-01 7.1956226085e-03 9.1135128252e+00 2.3744404309e-02
45                 5.1146553467e-01 -5.5002440994e+02 -6.2155166285e-01 5.0451247005e-01 -5.5899475463e+02 -6.4714920192e-01 6.9530646258e-03 8.9703446851e+00 2.5597539077e-02
46                 5.7334069852e-01 -5.5165508041e+02 -7.4408746481e-01 5.6648448734e-01 -5.6054243627e+02 -7.7018021072e-01 6.8562111853e-03 8.8873558568e+00 2.6092745910e-02
47                 6.4061826981e-01 -5.4537061641e+02 -9.0938509912e-01 6.3368294485e-01 -5.5418600786e+02 -9.3597904468e-01 6.9353249582e-03 8.8153914474e+00 2.6593945567e-02
48                 7.1993052941e-01 -5.3122762592e+02 -1.1062926840e+00 7.1275297808e-01 -5.4000602457e+02 -1.1329308484e+00 7.1775513296e-03 8.7783986421e+00 2.6638164439e-02
49                 7.7540239673e-01 -5.1024820439e+02 -1.1992717626e+00 7.6810622201e-01 -5.1899816444e+02 -1.2255663813e+00 7.2961747177e-03 8.7499600469e+00 2.6294618677e-02
50                 7.6839999368e-01 -4.8500315684e+02 -1.1118224524e+00 7.6100648793e-01 -4.9372618168e+02 -1.1373347055e+00 7.3935057505e-03 8.7230248402e+00 2.5512253102e-02
51                 7.0321830272e-01 -4.5852539140e+02 -8.4569368729e-01 6.9552470802e-01 -4.6722024425e+02 -8.7074130055e-01 7.6935947010e-03 8.6948528526e+00 2.5047613257e-02
52                 6.0538520045e-01 -4.3214697186e+02 -4.7865355296e-01 5.9739956794e-01 -4.4082863068e+02 -5.0303283090e-01 7.9856325145e-03 8.6816588133e+00 2.4379277942e-02
53                 5.1253776016e-01 -4.0739064591e+02 -1.4378818839e-01 5.0439203933e-01 -4.1606355664e+02 -1.6814657326e-01 8.1457208290e-03 8.6729107388e+00 2.4358384863e-02
54                 4.4727765939e-01 -3.8496527151e+02 1.0832825605e-01 4.3916635828e-01 -3.9362794676e+02 8.3427719935e-02 8.1113011086e-03 8.6626752503e+00 2.4900536112e-02
55                 4.0258403144e-01 -3.6536997388e+02 2.5390396438e-01 3.9453420603e-01 -3.7401888969e+02 2.2924540140e-01 8.0498254115e-03 8.6489158119e+00 2.4658562979e-02
56                 3.8912081744e-01 -3.4941746230e+02 2.8696348079e-01 3.8144447686e-01 -3.5805344739e+02 2.6089533072e-01 7.6763405799e-03 8.6359850873e+00 2.6068150064e-02
57                 4.0219106167e-01 -3.3759707468e+02 2.4749837561e-01 3.9481829592e-01 -3.4621343356e+02 2.2132420441e-01 7.3727657488e-03 8.6163588821e+00 2.6174171201e-02
58                 4.3085465264e-01 -3.2958638801e+02 1.6139879948e-01 4.2442086709e-01 -3.3819321713e+02 1.3164550048e-01 6.4337855545e-03 8.6068291266e+00 2.9753299004e-02
59                 4.7051809829e-01 -3.2447738890e+02 3.1850770479e-02 4.6448381676e-01 -3.3306315996e+02 2.2044403712e-03 6.0342815316e-03 8.5857710574e+00 2.9646330108e-02
60                 5.0944774253e-01 -3.2215570000e+02 -1.1987167661e-01 5.0430008370e-01 -3.3074346268e+02 -1.5261764145e-01 5.1476588218e-03 8.5877626755e+00 3.2745964843e-02
61                 5.3373243939e-01 -3.2265612821e+02 -2.6976348276e-01 5.2960027318e-01 -3.3122989222e+02 -3.0671889518e-01 4.1321662092e-03 8.5737640117e+00 3.6955412424e-02
62                 5.4096778169e-01 -3.2654359890e+02 -4.0660265169e-01 5.3647105036e-01 -3.3513565870e+02 -4.4001709311e-01 4.4967313316e-03 8.5920597954e+00 3.3414441413e-02
63                 5.2210886808e-01 -3.3394401331e+02 -4.9708141132e-01 5.1772242565e-01 -3.4254405540e+02 -5.3226826164e-01 4.3864424326e-03 8.6000420835e+00 3.5186850326e-02
64                 4.9954454450e-01 -3.4561756405e+02 -5.6717228639e-01 4.9525310147e-01 -3.5425956941e+02 -6.0057197680e-01 4.2914430289e-03 8.6420053540e+00 3.3399690419e-02
65                 4.8806055896e-01 -3.6115249969e+02 -6.1390666152e-01 4.8403296251e-01 -3.6983118219e+02 -6.4834874434e-01 4.0275964477e-03 8.6786825037e+00 3.4442082815e-02
66                 4.7779698185e-01 -3.8034817947e+02 -6.4013082605e-01 4.7362205223e-01 -3.8908092452e+02 -6.7830367486e-01 4.1749296191e-03 8.7327450521e+00 3.8172848814e-02
67                 4.7801897863e-01 -4.0211306843e+02 -6.9848925557e-01 4.7334133875e-01 -4.1092087350e+02 -7.2848696937e-01 4.6776398748e-03 8.8078050696e+00 2.9997713793e-02
68                 4.8964011236e-01 -4.2365102597e+02 -7.4548449400e-01 4.8471493187e-01 -4.3256366907e+02 -7.8339818560e-01 4.9251804830e-03 8.9126431001e+00 3.7913691600e-02
69                 5.1816108944e-01 -4.4391805608e+02 -8.2715998444e-01 5.1298323712e-01 -4.5292033883e+02 -8.5696180636e-01 5.1778523124e-03 9.0022827538e+00 2.9801821927e-02
70                 5.3997579563e-01 -4.6291165161e+02 -8.7239596629e-01 5.3368445554e-01 -4.7203351455e+02 -9.0686694618e-01 6.2913400850e-03 9.1218629336e+00 3.4470979889e-02
71                 5.7342121373e-01 -4.8086633666e+02 -9.5963525109e-01 5.6789887649e-01 -4.9009680171e+02 -9.9048930388e-01 5.5223372428e-03 9.2304650424e+00 3.0854052784e-02
72                 5.9003915363e-01 -4.9730285483e+02 -9.9767859081e-01 5.8249899186e-01 -5.0661378976e+02 -1.0282299570e+00 7.5401617680e-03 9.3109349271e+00 3.0551366217e-02
73                 6.2584124168e-01 -5.1131568058e+02 -1.0790939761e+00 6.1983132440e-01 -5.2077084719e+02 -1.1155699212e+00 6.0099172839e-03 9.4551666082e+00 3.6475945095e-02
74                 6.6266999359e-01 -5.2217467935e+02 -1.1626333928e+00 6.5674922958e-01 -5.3173706508e+02 -1.1937898850e+00 5.9207640086e-03 9.5623857383e+00 3.1156492166e-02
75                 6.7676930815e-01 -5.2981662454e+02 -1.2000935838e+00 6.6864747305e-01 -5.3945673369e+02 -1.2318037386e+00 8.1218350980e-03 9.6401091562e+00 3.1710154804e-02
76                 6.9363923046e-01 -5.3572111401e+02 -1.2775596340e+00 6.8861459878e-01 -5.4542845765e+02 -1.3082986928e+00 5.0246316704e-03 9.7073436437e+00 3.0739058808e-02
77                 7.0145230290e-01 -5.4116199360e+02 -1.2882885201e+00 6.9399295271e-01 -5.5096913954e+02 -1.3161272687e+00 7.4593501840e-03 9.8071459415e+00 2.7838748523e-02
78                 7.0397095971e-01 -5.4570255814e+02 -1.2850948013e+00 6.9590385185e-01 -5.5553594287e+02 -1.3130857024e+00 8.0671078647e-03 9.8333847290e+00 2.7990901114e-02
79                 7.1340584701e-01 -5.4819933672e+02 -1.2662915079e+00 7.0574969957e-01 -5.5802678122e+02 -1.2957964657e+00 7.6561474419e-03 9.8274444951e+00 2.9504957797e-02
80                 7.2734355704e-01 -5.4838798877e+02 -1.2302769596e+00 7.1955483988e-01 -5.5819777532e+02 -1.2594054734e+00 7.7887171653e-03 9.8097865466e+00 2.9128513722e-02
81                 7.4097201517e-01 -5.4636240045e+02 -1.1869757967e+00 7.3366072951e-01 -5.5612749518e+02 -1.2151000991e+00 7.3112856620e-03 9.7650947297e+00 2.8124302379e-02
82                 7.3882295922e-01 -5.4271649321e+02 -1.0999413355e+00 7.3048282773e-01 -5.5239179208e+02 -1.1286596737e+00 8.3401314854e-03 9.6752988698e+00 2.8718338166e-02
83                 7.4008526112e-01 -5.3833466114e+02 -1.0301260757e+00 7.3202378043e-01 -5.4792340323e+02 -1.0562655334e+00 8.0614806876e-03 9.5887420852e+00 2.6139457620e-02
84                 7.4000652966e-01 -5.3388352220e+02 -9.5320515108e-01 7.3150526622e-01 -5.4336897585e+02 -9.7965863712e-01 8.5012634400e-03 9.4854536485e+00 2.6453486039e-02
85                 7.4373895010e-01 -5.2914321398e+02 -8.9544264126e-01 7.3502447364e-01 -5.3849416434e+02 -9.2082214574e-01 8.7144764644e-03 9.3509503551e+00 2.5379504471e-02
86                 7.4626445930e-01 -5.2365567968e+02 -8.4278053243e-01 7.3675041732e-01 -5.3286810856e+02 -8.6728544840e-01 9.5140419867e-03 9.2124288746e+00 2.4504915974e-02
87                 7.4801332711e-01 -5.1664464371e+02 -8.0253799306e-01 7.3841932105e-01 -5.2571740542e+02 -8.2688230519e-01 9.5940060555e-03 9.0727617055e+00 2.4344312133e-02
88                 7.3933092226e-01 -5.0751420251e+02 -7.6264847527e-01 7.2977497892e-01 -5.1643014083e+02 -7.8739145699e-01 9.5559433410e-03 8.9159383206e+00 2.4742981723e-02
89                 7.2417797905e-01 -4.9593411387e+02 -7.1763158796e-01 7.1418119363e-01 -5.0474485424e+02 -7.4164024835e-01 9.9967854196e-03 8.8107403771e+00 2.4008660384e-02
90                 7.0283180720e-01 -4.8251486989e+02 -6.7967314714e-01 6.9270419199e-01 -4.9119881333e+02 -7.0116817120e-01 1.0127615207e-02 8.6839434371e+00 2.1495024059e-02
91                 6.8033410116e-01 -4.6767427801e+02 -6.4917170896e-01 6.6974911934e-01 -4.7628805530e+02 -6.7133332516e-01 1.0584981820e-02 8.6137772814e+00 2.2161616196e-02
92                 6.3833469192e-01 -4.5335564185e+02 -5.9978298125e-01 6.2708598011e-01 -4.6190431075e+02 -6.2420303551e-01 1.1248711801e-02 8.5486689003e+00 2.4420054256e-02
93                 5.7852071724e-01 -4.4096023061e+02 -5.5043898270e-01 5.6669415166e-01 -4.4949574437e+02 -5.6756220713e-01 1.1826565582e-02 8.5355137570e+00 1.7123224430e-02
94                 5.1377154670e-01 -4.3177443752e+02 -4.9213645783e-01 5.0283612427e-01 -4.4029292871e+02 -5.1366077000e-01 1.0935422429e-02 8.5184911859e+00 2.1524312167e-02
95                 4.4881605035e-01 -4.2638178517e+02 -4.4518084259e-01 4.3773845187e-01 -4.3489148201e+02 -4.6710601905e-01 1.1077598480e-02 8.5096968422e+00 2.1925176466e-02
96                 3.8792182200e-01 -4.2499684156e+02 -4.1950459224e-01 3.7683203812e-01 -4.3350332351e+02 -4.4181686185e-01 1.1089783885e-02 8.5064819504e+00 2.2312269602e-02
97                 3.2987876925e-01 -4.2752915483e+02 -4.2812872939e-01 3.1897881470e-01 -4.3603585865e+02 -4.5157991031e-01 1.0899954554e-02 8.5067038223e+00 2.3451180916e-02
98                 2.6597339734e-01 -4.3349107171e+02 -4.5327619181e-01 2.5484262846e-01 -4.4200857837e+02 -4.7656433024e-01 1.1130768885e-02 8.5175066601e+00 2.3288138425e-02
99                 2.0287733984e-01 -4.4198760473e+02 -4.8427661024e-01 1.9166818003e-01 -4.5053579534e+02 -5.0717011590e-01 1.1209159810e-02 8.5481906122e+00 2.2893505664e-02
100                1.4697798835e-01 -4.5157104315e+02 -5.2791307082e-01 1.3526041635e-01 -4.6013447483e+02 -5.4464217669e-01 1.1717572000e-02 8.5634316757e+00 1.6729105864e-02
101                1.0451540027e-01 -4.6210390074e+02 -5.7010313670e-01 9.3693056320e-02 -4.7073713781e+02 -5.9355997343e-01 1.0822343948e-02 8.6332370659e+00 2.3456836729e-02
102                6.2865918922e-02 -4.7238699608e+02 -5.9635851022e-01 5.1144793294e-02 -4.8107558367e+02 -6.2153860049e-01 1.1721125628e-02 8.6885875900e+00 2.5180090271e-02
103                4.6712093791e-02 -4.8197805535e+02 -6.6423956413e-01 3.5437945599e-02 -4.9069289505e+02 -6.7432734513e-01 1.1274148192e-02 8.7148396912e+00 1.0087781002e-02
104                2.7100000288e-02 -4.9108551347e+02 -6.4062706322e-01 1.6901319776e-02 -4.9987692291e+02 -6.7262253970e-01 1.0198680512e-02 8.7914094361e+00 3.1995476473e-02
105                3.0528931010e-02 -5.0145477807e+02 -6.6981117085e-01 1.9635224248e-02 -5.1033092851e+02 -6.9122264465e-01 1.0893706763e-02 8.8761504453e+00 2.1411473797e-02
106                3.2068141071e-02 -5.1404034175e+02 -6.5265482276e-01 2.0524378572e-02 -5.2297085154e+02 -6.7245716896e-01 1.1543762499e-02 8.9305097949e+00 1.9802346207e-02
107                4.4545232866e-02 -5.2912002081e+02 -6.2927614066e-01 3.2803513206e-02 -5.3811177807e+02 -6.5224887788e-01 1.1741719660e-02 8.9917572502e+00 2.2972737224e-02
108                6.8699487428e-02 -5.4664653893e+02 -6.3007538818e-01 5.7580286301e-02 -5.5571315172e+02 -6.5349736297e-01 1.1119201127e-02 9.0666127854e+00 2.3421974798e-02
109                8.1888230470e-02 -5.6541675131e+02 -6.1815770914e-01 6.9163437054e-02 -5.7449038196e+02 -6.3794385292e-01 1.2724793416e-02 9.0736306491e+00 1.9786143777e-02
110                1.1673281584e-01 -5.8363217774e+02 -6.5010381473e-01 1.0600112497e-01 -5.9278659645e+02 -6.7115438009e-01 1.0731690862e-02 9.1544187083e+00 2.1050565361e-02
111                1.3713795871e-01 -6.0055069202e+02 -6.3156079577e-01 1.2445003108e-01 -6.0976882684e+02 -6.5611435268e-01 1.2687927625e-02 9.2181348206e+00 2.4553556910e-02
112                1.5689393581e-01 -6.1486330520e+02 -6.5136422814e-01 1.4414896978e-01 -6.2412933681e+02 -6.7013471598e-01 1.2744966030e-02 9.2660316149e+00 1.8770487839e-02
113                1.7670827562e-01 -6.2675372943e+02 -6.5086134040e-01 1.6302382687e-01 -6.3605656634e+02 -6.7248799100e-01 1.3684448744e-02 9.3028369085e+00 2.1626650598e-02
114                2.1401827322e-01 -6.3672634674e+02 -6.8096315392e-01 2.0173381180e-01 -6.4607140709e+02 -7.0689427047e-01 1.2284461423e-02 9.3450603471e+00 2.5931116545e-02
115                2.7288001487e-01 -6.4490801182e+02 -7.3957000709e-01 2.6044204612e-01 -6.5425386527e+02 -7.5691742638e-01 1.2437968751e-02 9.3458534472e+00 1.7347419290e-02
116                3.3213985027e-01 -6.5152017381e+02 -7.7277721347e-01 3.1886699610e-01 -6.6086781541e+02 -7.9014282729e-01 1.3272854169e-02 9.3476416042e+00 1.7365613824e-02
117                3.8770978255e-01 -6.5662099546e+02 -7.9947053290e-01 3.7435416038e-01 -6.6598567930e+02 -8.1852719039e-01 1.3355622171e-02 9.3646838354e+00 1.9056657484e-02
118                4.3569617187e-01 -6.6000359747e+02 -8.2079977606e-01 4.2312050354e-01 -6.6929512016e+02 -8.4161435901e-01 1.2575668331e-02 9.2915226905e+00 2.0814582948e-02
119                4.8156007727e-01 -6.6143786963e+02 -8.3298846489e-01 4.6852253468e-01 -6.7073406546e+02 -8.5542043931e-01 1.3037542590e-02 9.2961958279e+00 2.2431974417e-02
120                5.2556433028e-01 -6.6101816759e+02 -8.5316987433e-01 5.1225390533e-01 -6.7027856363e+02 -8.7204378981e-01 1.3310424945e-02 9.2603960395e+00 1.8873915485e-02
121                5.7411940911e-01 -6.5833434222e+02 -8.7567679756e-01 5.6170332800e-01 -6.6752383217e+02 -8.9114643206e-01 1.2416081109e-02 9.1894899502e+00 1.5469634494e-02
122                6.0704252094e-01 -6.5347408355e+02 -8.6357318562e-01 5.9296564545e-01 -6.6259528203e+02 -8.7656681944e-01 1.4076875492e-02 9.1211984753e+00 1.2993633821e-02
123                6.3363858778e-01 -6.4663037262e+02 -8.3250590129e-01 6.2040677525e-01 -6.5570313476e+02 -8.5644474627e-01 1.3231812528e-02 9.0727621484e+00 2.3938844978e-02
124                6.5934665898e-01 -6.3790894534e+02 -8.2013235190e-01 6.4567316349e-01 -6.4691540858e+02 -8.3953915741e-01 1.3673495490e-02 9.0064632330e+00 1.9406805517e-02
125                6.9531786863e-01 -6.2718333305e+02 -8.2403259742e-01 6.8208113336e-01 -6.3609623699e+02 -8.3510484746e-01 1.3236735275e-02 8.9129039391e+00 1.1072250039e-02
126                7.2250695086e-01 -6.1420798336e+02 -7.9744954118e-01 7.0997662023e-01 -6.2303516448e+02 -8.1754111157e-01 1.2530330621e-02 8.8271811169e+00 2.0091570390e-02
127                7.3205608470e-01 -5.9981593157e+02 -7.7286530700e-01 7.1888077502e-01 -6.0861200267e+02 -7.9239493131e-01 1.3175309678e-02 8.7960711044e+00 1.9529624307e-02
128                7.1792889766e-01 -5.8419071456e+02 -7.3310958358e-01 7.0353334046e-01 -5.9287877631e+02 -7.4683819255e-01 1.4395557200e-02 8.6880617513e+00 1.3728608973e-02
129                6.9349416631e-01 -5.6821631656e+02 -6.9782087771e-01 6.8133788894e-01 -5.7688359729e+02 -7.1751354682e-01 1.2156277374e-02 8.6672807276e+00 1.9692669111e-02
130                6.6404804522e-01 -5.5277072401e+02 -6.7083124843e-01 6.5125823703e-01 -5.6137873997e+02 -6.8756417322e-01 1.2789808196e-02 8.6080159654e+00 1.6732924797e-02
131                6.2905077730e-01 -5.3856572622e+02 -6.4247985464e-01 6.1715386027e-01 -5.4716650622e+02 -6.6353842190e-01 1.1896917035e-02 8.6007799969e+00 2.1058567251e-02
132                5.8332930595e-01 -5.2625157192e+02 -5.9819961953e-01 5.7074976304e-01 -5.3483082210e+02 -6.2247117268e-01 1.2579542911e-02 8.5792501782e+00 2.4271553154e-02
133                5.3466687431e-01 -5.1677390072e+02 -5.7166150064e-01 5.2301782638e-01 -5.2536004597e+02 -5.9377722915e-01 1.1649047931e-02 8.5861452526e+00 2.2115728516e-02
134                4.8458083257e-01 -5.1037884247e+02 -5.3180324364e-01 4.7362200784e-01 -5.1895029606e+02 -5.6044843203e-01 1.0958824727e-02 8.5714535861e+00 2.8645188390e-02
135                4.3453477189e-01 -5.0783655300e+02 -5.1416687393e-01 4.2404295844e-01 -5.1642619331e+02 -5.4029538933e-01 1.0491813449e-02 8.5896403051e+00 2.6128515405e-02
136                3.8148535803e-01 -5.0954344958e+02 -4.8007202690e-01 3.7043023320e-01 -5.1814891848e+02 -5.0632103573e-01 1.1055124831e-02 8.6054689006e+00 2.6249008831e-02
137                3.3251323757e-01 -5.1579040678e+02 -4.6231117946e-01 3.2223742817e-01 -5.2442203667e+02 -4.8861783372e-01 1.0275809402e-02 8.6316298885e+00 2.6306654257e-02
138                2.8912862583e-01 -5.2585866661e+02 -4.4941417236e-01 2.7854293332e-01 -5.3451017812e+02 -4.7491494879e-01 1.0585692511e-02 8.6515115078e+00 2.5500776431e-02
139                2.5361671520e-01 -5.3930384262e+02 -4.4616178189e-01 2.4390311732e-01 -5.4799464548e+02 -4.7755918529e-01 9.7135978873e-03 8.6908028686e+00 3.1397403400e-02
140                2.3238139792e-01 -5.5441087159e+02 -4.5195908726e-01 2.2273656636e-01 -5.6314435931e+02 -4.8377195859e-01 9.6448315556e-03 8.7334877251e+00 3.1812871329e-02
141                2.2692758484e-01 -5.6983075591e+02 -4.7922168718e-01 2.1815444098e-01 -5.7859327126e+02 -5.1011940854e-01 8.7731438641e-03 8.7625153436e+00 3.0897721353e-02
142                2.3387645512e-01 -5.8501337269e+02 -4.9904909904e-01 2.2522298754e-01 -5.9384146149e+02 -5.3024776537e-01 8.6534675821e-03 8.8280887964e+00 3.1198666337e-02
143                2.5211862218e-01 -5.9927104810e+02 -5.3511259383e-01 2.4364318430e-01 -6.0811915368e+02 -5.5940598040e-01 8.4754378893e-03 8.8481055884e+00 2.4293386574e-02
144                2.6675339958e-01 -6.1322067241e+02 -5.2704691700e-01 2.5836829895e-01 -6.2212404310e+02 -5.6298360369e-01 8.3851006238e-03 8.9033706928e+00 3.5936686691e-02
145                3.0352760208e-01 -6.2704658222e+02 -5.7951136971e-01 2.9618171967e-01 -6.3601060736e+02 -6.0771715581e-01 7.3458824065e-03 8.9640251389e+00 2.8205786106e-02
146                3.2735722790e-01 -6.4079942066e+02 -5.8348654834e-01 3.1882057399e-01 -6.4978503668e+02 -6.1119725799e-01 8.5366539100e-03 8.9856160279e+00 2.7710709648e-02
147                3.5253304188e-01 -6.5418767470e+02 -6.0004643590e-01 3.4481014658e-01 -6.6322270022e+02 -6.3833910069e-01 7.7228952968e-03 9.0350255194e+00 3.8292664786e-02
148                3.8784328825e-01 -6.6690934991e+02 -6.6033570993e-01 3.8013018917e-01 -6.7600141893e+02 -6.9169106633e-01 7.7130990811e-03 9.0920690181e+00 3.1355356398e-02
149                4.2534839841e-01 -6.7821431578e+02 -7.0914192285e-01 4.1789857207e-01 -6.8734338973e+02 -7.4011432486e-01 7.4498263344e-03 9.1290739429e+00 3.0972402014e-02
150                4.6112038896e-01 -6.8692474863e+02 -7.4706147184e-01 4.5358267311e-01 -6.9604776240e+02 -7.7849243132e-01 7.5377158414e-03 9.1230137723e+00 3.1430959477e-02
151                4.9160861398e-01 -6.9271069999e+02 -7.8548802724e-01 4.8436875072e-01 -7.0184909680e+02 -8.1774296569e-01 7.2398632612e-03 9.1383968124e+00 3.2254938447e-02
152                5.1492239603e-01 -6.9566998949e+02 -8.1880167435e-01 5.0757152606e-01 -7.0483224731e+02 -8.5040207875e-01 7.3508699673e-03 9.1622578166e+00 3.1600404406e-02
153                5.2564031152e-01 -6.9608647965e+02 -8.2916826029e-01 5.1874107962e-01 -7.0523055314e+02 -8.6887160994e-01 6.8992318949e-03 9.1440734922e+00 3.9703349650e-02
154                5.3892506849e-01 -6.9394923219e+02 -8.5452383829e-01 5.3237264329e-01 -7.0307849835e+02 -8.9072974529e-01 6.5524251952e-03 9.1292661626e+00 3.6205907000e-02
155                5.5862182273e-01 -6.9014482201e+02 -8.8127817030e-01 5.5117696041e-01 -6.9931619251e+02 -9.0948182667e-01 7.4448623214e-03 9.1713705022e+00 2.8203656370e-02
156                5.7790921261e-01 -6.8461909865e+02 -8.8760766736e-01 5.7102768027e-01 -6.9375873966e+02 -9.2044329695e-01 6.8815323364e-03 9.1396410109e+00 3.2835629582e-02
157                5.9737608389e-01 -6.7771503564e+02 -8.9652124825e-01 5.9038492401e-01 -6.8683545652e+02 -9.2857654315e-01 6.9911598856e-03 9.1204208741e+00 3.2055294903e-02
158                6.0674462886e-01 -6.7017069833e+02 -8.9570494975e-01 5.9927117704e-01 -6.7925784440e+02 -9.2532019621e-01 7.4734518227e-03 9.0871460722e+00 2.9615246463e-02
159                6.0786085093e-01 -6.6217804347e+02 -8.8533224978e-01 5.9968663472e-01 -6.7125528454e+02 -9.1407909882e-01 8.1742162049e-03 9.0772410720e+00 2.8746849032e-02
160                5.9897226961e-01 -6.5447065293e+02 -8.6621610853e-01 5.9140685043e-01 -6.6354147188e+02 -9.0218681268e-01 7.5654191816e-03 9.0708189499e+00 3.5970704156e-02
161                5.9236294273e-01 -6.4673401996e+02 -8.7729441941e-01 5.8418850300e-01 -6.5571823418e+02 -8.9552438300e-01 8.1744397257e-03 8.9842142203e+00 1.8229963587e-02
162                5.8095084741e-01 -6.3922606434e+02 -8.4112168867e-01 5.7386537753e-01 -6.4822580698e+02 -8.7456606483e-01 7.0854698877e-03 8.9997426379e+00 3.3444376159e-02
163                5.6872154514e-01 -6.3206581968e+02 -8.2702222229e-01 5.6103507435e-01 -6.4103892218e+02 -8.5528599028e-01 7.6864707898e-03 8.9731025089e+00 2.8263767987e-02
164                5.4266655206e-01 -6.2517151082e+02 -7.8742741887e-01 5.3384022276e-01 -6.3407818264e+02 -8.1677256581e-01 8.8263293086e-03 8.9066718237e+00 2.9345146939e-02
165                5.1897249510e-01 -6.1831062304e+02 -7.5107266437e-01 5.0983569607e-01 -6.2721468531e+02 -7.8346626406e-01 9.1367990364e-03 8.9040622669e+00 3.2393599694e-02
166                5.1192523190e-01 -6.1214071658e+02 -7.5546874822e-01 5.0449853316e-01 -6.2101890496e+02 -7.8549073124e-01 7.4266987332e-03 8.8781883835e+00 3.0021983012e-02
167                5.0745396450e-01 -6.0638847409e+02 -7.3992222787e-01 4.9965690747e-01 -6.1524746438e+02 -7.7586110772e-01 7.7970570326e-03 8.8589902904e+00 3.5938879846e-02
168                5.0190458607e-01 -6.0110012359e+02 -7.4072674721e-01 4.9249269744e-01 -6.0990414652e+02 -7.6324471887e-01 9.4118886224e-03 8.8040229357e+00 2.2517971659e-02
169                5.0122999359e-01 -5.9684121664e+02 -7.2075772618e-01 4.9343583303e-01 -6.0565103260e+02 -7.5525998744e-01 7.7941605634e-03 8.8098159603e+00 3.4502261261e-02
170                5.0512033771e-01 -5.9382995520e+02 -7.1905766050e-01 4.9669983002e-01 -6.0263996759e+02 -7.4881330490e-01 8.4205076896e-03 8.8100123866e+00 2.9755644400e-02
171                5.0434425539e-01 -5.9206302362e+02 -6.9752269421e-01 4.9532462487e-01 -6.0085486871e+02 -7.2620965782e-01 9.0196305121e-03 8.7918450921e+00 2.8686963605e-02
172                5.0539160360e-01 -5.9138719547e+02 -6.7606765772e-01 4.9622991928e-01 -6.0016457242e+02 -7.0364411325e-01 9.1616843178e-03 8.7773769494e+00 2.7576455528e-02
173                5.0304325377e-01 -5.9166720393e+02 -6.4866391302e-01 4.9353027896e-01 -6.0042105190e+02 -6.7227133169e-01 9.5129748103e-03 8.7538479691e+00 2.3607418673e-02
174                5.0470590761e-01 -5.9287169493e+02 -6.1705491083e-01 4.9541607939e-01 -6.0163379702e+02 -6.4480778088e-01 9.2898282224e-03 8.7621020916e+00 2.7752870060e-02
175                5.0478290680e-01 -5.9537422070e+02 -5.8643437522e-01 4.9518407223e-01 -6.0416568439e+02 -6.1474278613e-01 9.5988345696e-03 8.7914636938e+00 2.8308410903e-02
176                5.1098035465e-01 -5.9860961814e+02 -5.7689049074e-01 5.0115871196e-01 -6.0736035698e+02 -5.9622223198e-01 9.8216426969e-03 8.7507388433e+00 1.9331741244e-02
177                5.2119050500e-01 -6.0282577054e+02 -5.5526867048e-01 5.1254238622e-01 -6.1162112776e+02 -5.8599292505e-01 8.6481187813e-03 8.7953572129e+00 3.0724254577e-02
178                5.4030333914e-01 -6.0773810912e+02 -5.6716610741e-01 5.3117483373e-01 -6.1654719082e+02 -5.9489177069e-01 9.1285054077e-03 8.8090817000e+00 2.7725663276e-02
179                5.5599074987e-01 -6.1338805669e+02 -5.7503558503e-01 5.4759823426e-01 -6.2218694365e+02 -6.0821615432e-01 8.3925156141e-03 8.7988869644e+00 3.3180569288e-02
180                5.7530309349e-01 -6.1975669686e+02 -6.0069519715e-01 5.6611225972e-01 -6.2861005911e+02 -6.2928921767e-01 9.1908337777e-03 8.8533622512e+00 2.8594020522e-02
181                5.9330670820e-01 -6.2694122309e+02 -6.2669221520e-01 5.8419253394e-01 -6.3581424419e+02 -6.5847254636e-01 9.1141742562e-03 8.8730210987e+00 3.1780331160e-02
182                6.0806477198e-01 -6.3468566359e+02 -6.5573097209e-01 5.9837745990e-01 -6.4358327327e+02 -6.8481955547e-01 9.6873120716e-03 8.8976096790e+00 2.9088583383e-02
183                6.3021060834e-01 -6.4269944204e+02 -7.0189978192e-01 6.2127220652e-01 -6.5163024409e+02 -7.2717941891e-01 8.9384018217e-03 8.9308020499e+00 2.5279636998e-02
184                6.4675220010e-01 -6.5068756513e+02 -7.1688059488e-01 6.3780917305e-01 -6.5964894983e+02 -7.4703432745e-01 8.9430270542e-03 8.9613847035e+00 3.0153732569e-02
185                6.5686766526e-01 -6.5805252076e+02 -7.3343799271e-01 6.4723006067e-01 -6.6702665435e+02 -7.6044201728e-01 9.6376045885e-03 8.9741335914e+00 2.7004024569e-02
186                6.7623955867e-01 -6.6448466359e+02 -7.6356979786e-01 6.6827895159e-01 -6.7346004235e+02 -7.9396481257e-01 7.9606070809e-03 8.9753787675e+00 3.0395014703e-02
187                6.8344157116e-01 -6.7015078164e+02 -7.6456118547e-01 6.7378841978e-01 -6.7915178626e+02 -7.9171187803e-01 9.6531513755e-03 9.0010046245e+00 2.7150692563e-02
188                6.9435625751e-01 -6.7512169760e+02 -7.8222105357e-01 6.8605326046e-01 -6.8416192229e+02 -8.1622716101e-01 8.3029970534e-03 9.0402246846e+00 3.4006107437e-02
189                7.1827369626e-01 -6.7884946442e+02 -8.3314578808e-01 7.1136876524e-01 -6.8788757474e+02 -8.6234010602e-01 6.9049310156e-03 9.0381103206e+00 2.9194317944e-02
190                7.2655879331e-01 -6.8115120361e+02 -8.3889335983e-01 7.1772859399e-01 -6.9021383047e+02 -8.6664397739e-01 8.8301993190e-03 9.0626268619e+00 2.7750617559e-02
191                7.2393131406e-01 -6.8170964845e+02 -8.4721885738e-01 7.1529900504e-01 -6.9074806141e+02 -8.7379789117e-01 8.6323090236e-03 9.0384129544e+00 2.6579033790e-02
192                7.1714180588e-01 -6.8060663769e+02 -8.4240603401e-01 7.0866423840e-01 -6.8964249727e+02 -8.7153258570e-01 8.4775674851e-03 9.0358595795e+00 2.9126551689e-02
193                7.0545762769e-01 -6.7860504109e+02 -8.3148668721e-01 6.9686042437e-01 -6.8764056151e+02 -8.6282601002e-01 8.5972033161e-03 9.0355204164e+00 3.1339322809e-02
194                7.0195609734e-01 -6.7559838632e+02 -8.3908311460e-01 6.9361794755e-01 -6.8466499598e+02 -8.6521797491e-01 8.3381497927e-03 9.0666096603e+00 2.6134860309e-02
195                7.0010140434e-01 -6.7176265335e+02 -8.2678578206e-01 6.9273191726e-01 -6.8081594264e+02 -8.5657494592e-01 7.3694870811e-03 9.0532892879e+00 2.9789163859e-02
196                6.9117281685e-01 -6.6727694024e+02 -7.9670661552e-01 6.8455174175e-01 -6.7627684465e+02 -8.3314807465e-01 6.6210751020e-03 8.9999044166e+00 3.6441459130e-02
197                6.8580377469e-01 -6.6206881624e+02 -7.8698033347e-01 6.7778877324e-01 -6.7111098111e+02 -8.1517525853e-01 8.0150014514e-03 9.0421648642e+00 2.8194925062e-02
198                6.7457381850e-01 -6.5690044748e+02 -7.6614484294e-01 6.6600926318e-01 -6.6592619847e+02 -7.9533356142e-01 8.5645553200e-03 9.0257509924e+00 2.9188718485e-02
199                6.6856287623e-01 -6.5170967272e+02 -7.6521903492e-01 6.6085913413e-01 -6.6070318771e+02 -7.8998530761e-01 7.7037421006e-03 8.9935149849e+00 2.4766272690e-02
200                6.6473098789e-01 -6.4652639667e+02 -7.5219905836e-01 6.5726811973e-01 -6.5547801139e+02 -7.8110192619e-01 7.4628681650e-03 8.9516147150e+00 2.8902867829e-02
201                6.5843216532e-01 -6.4233382616e+02 -7.3889651641e-01 6.5092573265e-01 -6.5133826629e+02 -7.7037070301e-01 7.5064326687e-03 9.0044401269e+00 3.1474186601e-02
202                6.4528193390e-01 -6.3893611738e+02 -7.1710956682e-01 6.3794572500e-01 -6.4789057915e+02 -7.5123493659e-01 7.3362088988e-03 8.9544617743e+00 3.4125369772e-02
203                6.3154084270e-01 -6.3615812460e+02 -6.9966534535e-01 6.2352188529e-01 -6.4511404328e+02 -7.3152424960e-01 8.0189574084e-03 8.9559186860e+00 3.1858904248e-02
204                6.2396330339e-01 -6.3423856021e+02 -6.9254728346e-01 6.1745833040e-01 -6.4317148471e+02 -7.3235568935e-01 6.5049729936e-03 8.9329244942e+00 3.9808405896e-02
205                6.1861673869e-01 -6.3305499374e+02 -7.0240575874e-01 6.1112949470e-01 -6.4195323392e+02 -7.3120025384e-01 7.4872439905e-03 8.8982401764e+00 2.8794495102e-02
206                6.2594444206e-01 -6.3272433304e+02 -7.1533917296e-01 6.1973368547e-01 -6.4164144162e+02 -7.4701914636e-01 6.2107565920e-03 8.9171085779e+00 3.1679973400e-02
207                6.2446289399e-01 -6.3325023236e+02 -6.9914967408e-01 6.1796667827e-01 -6.4216370921e+02 -7.4028387927e-01 6.4962157193e-03 8.9134768487e+00 4.1134205188e-02
208                6.2245908256e-01 -6.3402410076e+02 -7.1051994872e-01 6.1468421248e-01 -6.4288801687e+02 -7.3695075381e-01 7.7748700734e-03 8.8639161091e+00 2.6430805086e-02
209                6.2846639118e-01 -6.3509668763e+02 -7.1222843517e-01 6.2216139353e-01 -6.4398221128e+02 -7.4342318945e-01 6.3049976500e-03 8.8855236542e+00 3.1194754284e-02
210                6.3036196501e-01 -6.3645585975e+02 -6.9788142347e-01 6.2379618963e-01 -6.4534360229e+02 -7.3519749843e-01 6.5657753759e-03 8.8877425399e+00 3.7316074959e-02
211                6.3397763503e-01 -6.3763689609e+02 -7.0146753815e-01 6.2723093332e-01 -6.4648606137e+02 -7.3254372948e-01 6.7467017119e-03 8.8491652760e+00 3.1076191329e-02
212                6.2919078932e-01 -6.3888415300e+02 -6.6781102028e-01 6.2264043260e-01 -6.4773991278e+02 -7.0757476212e-01 6.5503567148e-03 8.8557597802e+00 3.9763741842e-02
213                6.2627842383e-01 -6.4002917164e+02 -6.5681589761e-01 6.1883679310e-01 -6.4889454874e+02 -6.9081662576e-01 7.4416307219e-03 8.8653770975e+00 3.4000728147e-02
214                6.3742989439e-01 -6.4126541768e+02 -6.6623286095e-01 6.3140674259e-01 -6.5013068314e+02 -6.9888831642e-01 6.0231518019e-03 8.8652654617e+00 3.2655455465e-02
215                6.4715652831e-01 -6.4230730170e+02 -6.6067731956e-01 6.4045344961e-01 -6.5115404636e+02 -6.9450146153e-01 6.7030787000e-03 8.8467446663e+00 3.3824141975e-02
216                6.5724274122e-01 -6.4318599686e+02 -6.6195209703e-01 6.5030076562e-01 -6.5204292838e+02 -6.9632648830e-01 6.9419755998e-03 8.8569315215e+00 3.4374391266e-02
217                6.6513171920e-01 -6.4419094676e+02 -6.6687672950e-01 6.5843926486e-01 -6.5304342764e+02 -6.9867755578e-01 6.6924543381e-03 8.8524808779e+00 3.1800826282e-02
218                6.7691722300e-01 -6.4494397886e+02 -6.7394705533e-01 6.7035588525e-01 -6.5381247640e+02 -7.0612006160e-01 6.5613377465e-03 8.8684975374e+00 3.2173006266e-02
219                6.7903316039e-01 -6.4567860369e+02 -6.6052741118e-01 6.7236713664e-01 -6.5455001114e+02 -6.9786782724e-01 6.6660237551e-03 8.8714074518e+00 3.7340416057e-02
220                6.8656503978e-01 -6.4611504216e+02 -6.7093798650e-01 6.8080949974e-01 -6.5497920279e+02 -7.0646653569e-01 5.7555400463e-03 8.8641606278e+00 3.5528549193e-02
221                6.9031094116e-01 -6.4670726682e+02 -6.6953958300e-01 6.8413662107e-01 -6.5561284941e+02 -7.0370708132e-01 6.1743200908e-03 8.9055825874e+00 3.4167498323e-02
222                6.9600627698e-01 -6.4708410543e+02 -6.8106135951e-01 6.8948455270e-01 -6.5597537647e+02 -7.0962014315e-01 6.5217242748e-03 8.8912710376e+00 2.8558783642e-02
223                7.0384006719e-01 -6.4739997992e+02 -6.8406202176e-01 6.9888519987e-01 -6.5630026344e+02 -7.2410420334e-01 4.9548673157e-03 8.9002835218e+00 4.0042181578e-02
224                7.0662469835e-01 -6.4790022446e+02 -6.8680649055e-01 7.0044079267e-01 -6.5683522375e+02 -7.2457555169e-01 6.1839056793e-03 8.9349992893e+00 3.7769061134e-02
225                7.1425802735e-01 -6.4855489232e+02 -7.1628060179e-01 7.0836259358e-01 -6.5750416630e+02 -7.4573945064e-01 5.8954337718e-03 8.9492739809e+00 2.9458848849e-02
226                7.2079259807e-01 -6.4910408557e+02 -7.1942823563e-01 7.1579810005e-01 -6.5805586852e+02 -7.5912040594e-01 4.9944980212e-03 8.9517829468e+00 3.9692170309e-02
227                7.2307898265e-01 -6.4941251875e+02 -7.3024965849e-01 7.1732118636e-01 -6.5836914255e+02 -7.6788358358e-01 5.7577962948e-03 8.9566238090e+00 3.7633925093e-02
228                7.2880904231e-01 -6.4986928490e+02 -7.5787654373e-01 7.2358244219e-01 -6.5886048197e+02 -7.9214554056e-01 5.2266001169e-03 8.9911970734e+00 3.4268996829e-02
229                7.3413466768e-01 -6.5025227211e+02 -7.7233073082e-01 7.2936876246e-01 -6.5923888347e+02 -8.0938609171e-01 4.7659052255e-03 8.9866113561e+00 3.7055360893e-02
230                7.3191755087e-01 -6.5042397128e+02 -7.7700104257e-01 7.2552409571e-01 -6.5939533037e+02 -8.0980069144e-01 6.3934551631e-03 8.9713590915e+00 3.2799648871e-02
231                7.2889155186e-01 -6.5088476002e+02 -7.8500719003e-01 7.2367381305e-01 -6.5989363743e+02 -8.2214045660e-01 5.2177388139e-03 9.0088774034e+00 3.7133266570e-02
232                7.3064371549e-01 -6.5137550541e+02 -7.9472770101e-01 7.2606858173e-01 -6.6037790143e+02 -8.3361092897e-01 4.5751337563e-03 9.0023960260e+00 3.8883227966e-02
233                7.1952371156e-01 -6.5188994978e+02 -7.8029054229e-01 7.1333882372e-01 -6.6087928455e+02 -8.1300996183e-01 6.1848878358e-03 8.9893347777e+00 3.2719419532e-02
234                7.1383116048e-01 -6.5246637274e+02 -7.7306748274e-01 7.0900272634e-01 -6.6147198999e+02 -8.1435830459e-01 4.8284341423e-03 9.0056172535e+00 4.1290821852e-02
235                7.1754225526e-01 -6.5313600467e+02 -7.8983873490e-01 7.1269194149e-01 -6.6216392921e+02 -8.2425191846e-01 4.8503137752e-03 9.0279245419e+00 3.4413183562e-02
236                7.1180093677e-01 -6.5362350539e+02 -7.7889755207e-01 7.0597328466e-01 -6.6261106053e+02 -8.0943806584e-01 5.8276521078e-03 8.9875551462e+00 3.0540513768e-02
237                7.1008891887e-01 -6.5357452901e+02 -7.6972498540e-01 7.0579974484e-01 -6.6255359193e+02 -8.1018700765e-01 4.2891740317e-03 8.9790629231e+00 4.0462022247e-02
238                7.0595998973e-01 -6.5347120584e+02 -7.5912966787e-01 7.0036813063e-01 -6.6248233710e+02 -7.9578988746e-01 5.5918591025e-03 9.0111312595e+00 3.6660219590e-02
239                7.0298146665e-01 -6.5316389397e+02 -7.6199386746e-01 6.9752593182e-01 -6.6214747924e+02 -7.8894898492e-01 5.4555348358e-03 8.9835852698e+00 2.6955117466e-02
240                6.9685894151e-01 -6.5220739340e+02 -7.2309761317e-01 6.9083300061e-01 -6.6115632130e+02 -7.5925396700e-01 6.0259409028e-03 8.9489279015e+00 3.6156353833e-02
241                7.0069202496e-01 -6.5121519315e+02 -7.2608230752e-01 6.9547551158e-01 -6.6020211296e+02 -7.6237300654e-01 5.2165133813e-03 8.9869198097e+00 3.6290699024e-02
242                7.0955479366e-01 -6.5008870808e+02 -7.3404189997e-01 7.0601405616e-01 -6.5903532423e+02 -7.7169782504e-01 3.5407374994e-03 8.9466161446e+00 3.7655925070e-02
243                7.0102352042e-01 -6.4878712405e+02 -7.0417104475e-01 6.9428583653e-01 -6.5772592255e+02 -7.3968670078e-01 6.7376838876e-03 8.9387984984e+00 3.5515656032e-02
244                6.9690299177e-01 -6.4748202272e+02 -7.0533226943e-01 6.9136887313e-01 -6.5642325350e+02 -7.3815611358e-01 5.5341186342e-03 8.9412307803e+00 3.2823844151e-02
245                7.0085246936e-01 -6.4614904188e+02 -6.9941992948e-01 6.9681320154e-01 -6.5505582731e+02 -7.4304012620e-01 4.0392678122e-03 8.9067854383e+00 4.3620196725e-02
246                7.0188328616e-01 -6.4519231282e+02 -6.9738897789e-01 6.9606441238e-01 -6.5412668140e+02 -7.3458521529e-01 5.8188737860e-03 8.9343685867e+00 3.7196237395e-02
247                7.0409140301e-01 -6.4457483109e+02 -7.0255174680e-01 6.9830913387e-01 -6.5351255507e+02 -7.3520889683e-01 5.7822691401e-03 8.9377239827e+00 3.2657150030e-02
248                7.1244492278e-01 -6.4385957789e+02 -7.1320428746e-01 7.0806133858e-01 -6.5275472074e+02 -7.5187495247e-01 4.3835842010e-03 8.8951428456e+00 3.8670665006e-02
249                7.1456393533e-01 -6.4337843802e+02 -7.1141209589e-01 7.0946470346e-01 -6.5227850488e+02 -7.5042892799e-01 5.0992318725e-03 8.9000668578e+00 3.9016832098e-02
250                7.2171825268e-01 -6.4276565206e+02 -7.2834308218e-01 7.1627886289e-01 -6.5165281251e+02 -7.5957990753e-01 5.4393897914e-03 8.8871604494e+00 3.1236825343e-02
251                7.3317453022e-01 -6.4235856142e+02 -7.3746370216e-01 7.2865539170e-01 -6.5125528142e+02 -7.7199874220e-01 4.5191385173e-03 8.8967199987e+00 3.4535040041e-02
252                7.3115729489e-01 -6.4216309081e+02 -7.1747355071e-01 7.2535900768e-01 -6.5105758129e+02 -7.5437730825e-01 5.7982872102e-03 8.8944904790e+00 3.6903757538e-02
253                7.3148092702e-01 -6.4207721250e+02 -7.1775848839e-01 7.2599552365e-01 -6.5096540310e+02 -7.5141419645e-01 5.4854033724e-03 8.8881906046e+00 3.3655708060e-02
254                7.3654414566e-01 -6.4198712927e+02 -7.1983403335e-01 7.3205712775e-01 -6.5087108860e+02 -7.5640436130e-01 4.4870179178e-03 8.8839593279e+00 3.6570327949e-02
255                7.3493704632e-01 -6.4217946413e+02 -7.1206707357e-01 7.2935777115e-01 -6.5106919926e+02 -7.4465385463e-01 5.5792751747e-03 8.8897351248e+00 3.2586781058e-02
256                7.2591165552e-01 -6.4236863589e+02 -6.8403649110e-01 7.1965308693e-01 -6.5125411581e+02 -7.2002426321e-01 6.2585685890e-03 8.8854799155e+00 3.5987772107e-02
257                7.3043096428e-01 -6.4274799459e+02 -6.9803441978e-01 7.2608080296e-01 -6.5164515926e+02 -7.3346801747e-01 4.3501613207e-03 8.8971646671e+00 3.5433597698e-02
258                7.2644834297e-01 -6.4309761436e+02 -6.8118890625e-01 7.2117840249e-01 -6.5196596892e+02 -7.2011483602e-01 5.2699404832e-03 8.8683545583e+00 3.8925929777e-02
259                7.2453939873e-01 -6.4333371290e+02 -6.8533038086e-01 7.1901096449e-01 -6.5222895934e+02 -7.2081585407e-01 5.5284342402e-03 8.8952464358e+00 3.5485473209e-02
260                7.2927959157e-01 -6.4364670961e+02 -7.0006044854e-01 7.2521675035e-01 -6.5254767054e+02 -7.3681630274e-01 4.0628412209e-03 8.9009609282e+00 3.6755854206e-02
261                7.2549065834e-01 -6.4383128241e+02 -6.9446691927e-01 7.1982668974e-01 -6.5272749920e+02 -7.2998486893e-01 5.6639686046e-03 8.8962167845e+00 3.5517949663e-02
262                7.2802660685e-01 -6.4401094347e+02 -7.1212996525e-01 7.2357015564e-01 -6.5293115730e+02 -7.4848934003e-01 4.4564512095e-03 8.9202138309e+00 3.6359374776e-02
263                7.2588694504e-01 -6.4418029191e+02 -7.1173287807e-01 7.2126449508e-01 -6.5308906753e+02 -7.4952289515e-01 4.6224499630e-03 8.9087756142e+00 3.7790017078e-02
264                7.1843143325e-01 -6.4433021288e+02 -7.0644252834e-01 7.1277113705e-01 -6.5325683179e+02 -7.4234723461e-01 5.6602962000e-03 8.9266189138e+00 3.5904706267e-02
265                7.1421759583e-01 -6.4463653375e+02 -7.0325836440e-01 7.0986680816e-01 -6.5358192303e+02 -7.4517494488e-01 4.3507876706e-03 8.9453892838e+00 4.1916580481e-02
266                7.2104109964e-01 -6.4485811899e+02 -7.2453294667e-01 7.1719477753e-01 -6.5379262932e+02 -7.6244066726e-01 3.8463221052e-03 8.9345103344e+00 3.7907720594e-02
267                7.2023288505e-01 -6.4532707288e+02 -7.1548113716e-01 7.1605682728e-01 -6.5428356527e+02 -7.5889574909e-01 4.1760577748e-03 8.9564923872e+00 4.3414611932e-02
268                7.2035544267e-01 -6.4577091043e+02 -7.2258613028e-01 7.1555021172e-01 -6.5472635346e+02 -7.6096048062e-01 4.8052309481e-03 8.9554430321e+00 3.8374350336e-02
269                7.2882597577e-01 -6.4651905666e+02 -7.3869188585e-01 7.2442284364e-01 -6.5550314550e+02 -7.7512967023e-01 4.4031321366e-03 8.9840888319e+00 3.6437784385e-02
270                7.4754177467e-01 -6.4722544341e+02 -7.6985758744e-01 7.4466482339e-01 -6.5617417021e+02 -8.0769181525e-01 2.8769512798e-03 8.9487268072e+00 3.7834227816e-02
271                7.4592436566e-01 -6.4790768994e+02 -7.4906242154e-01 7.4013165220e-01 -6.5686238992e+02 -7.8687087654e-01 5.7927134651e-03 8.9546999768e+00 3.7808454999e-02
272                7.4649992978e-01 -6.4891834293e+02 -7.6269386777e-01 7.4173806655e-01 -6.5791287421e+02 -7.9911008397e-01 4.7618632269e-03 8.9945312754e+00 3.6416216195e-02
273                7.4945629876e-01 -6.4990668368e+02 -7.5962934347e-01 7.4544690449e-01 -6.5887908159e+02 -8.0097058494e-01 4.0093942763e-03 8.9723979104e+00 4.1341241473e-02
274                7.4478651560e-01 -6.5060020380e+02 -7.4963759548e-01 7.3907149515e-01 -6.5956650373e+02 -7.8540074888e-01 5.7150204520e-03 8.9662999289e+00 3.5763153403e-02
275                7.5410365156e-01 -6.5125696566e+02 -7.7294712472e-01 7.5065759410e-01 -6.6021877357e+02 -8.1186091083e-01 3.4460574576e-03 8.9618079177e+00 3.8913786118e-02
276                7.5561725612e-01 -6.5202005192e+02 -7.7724089327e-01 7.5052108283e-01 -6.6100613669e+02 -8.0734256782e-01 5.0961732897e-03 8.9860847741e+00 3.0101674552e-02
277                7.4550212629e-01 -6.5275326177e+02 -7.5148324827e-01 7.3977294228e-01 -6.6174800459e+02 -7.8711074584e-01 5.7291840095e-03 8.9947428126e+00 3.5627497571e-02
278                7.3317385971e-01 -6.5317356388e+02 -7.3461699019e-01 7.2842395623e-01 -6.6215697100e+02 -7.7724065504e-01 4.7499034751e-03 8.9834071184e+00 4.2623664844e-02
279                7.3387493823e-01 -6.5307706152e+02 -7.4817719212e-01 7.2863515035e-01 -6.6202434916e+02 -7.7887812533e-01 5.2397878786e-03 8.9472876438e+00 3.0700933210e-02
280                7.4440820273e-01 -6.5266638120e+02 -7.5874294067e-01 7.4048273636e-01 -6.6162810418e+02 -7.9315687589e-01 3.9254663748e-03 8.9617229744e+00 3.4413935213e-02
281                7.4258608859e-01 -6.5224562378e+02 -7.3579242204e-01 7.3670420224e-01 -6.6121367649e+02 -7.7294406729e-01 5.8818863481e-03 8.9680527088e+00 3.7151645248e-02
282                7.4124699153e-01 -6.5167055146e+02 -7.4310413366e-01 7.3591002151e-01 -6.6061529629e+02 -7.7428220556e-01 5.3369700204e-03 8.9447448368e+00 3.1178071899e-02
283                7.4022213805e-01 -6.5067188304e+02 -7.2379491621e-01 7.3576892892e-01 -6.5959440369e+02 -7.6639932916e-01 4.4532091261e-03 8.9225206467e+00 4.2604412949e-02
284                7.3899703557e-01 -6.4983913720e+02 -7.2116557975e-01 7.3328480065e-01 -6.5879510330e+02 -7.5757283611e-01 5.7122349211e-03 8.9559660970e+00 3.6407256358e-02
285                7.3617753221e-01 -6.4892644567e+02 -7.2333444791e-01 7.3038678559e-01 -6.5784151848e+02 -7.5277848627e-01 5.7907466150e-03 8.9150728071e+00 2.9444038366e-02
286                7.3814645048e-01 -6.4774343212e+02 -7.1845253830e-01 7.3317949404e-01 -6.5665884861e+02 -7.5400488495e-01 4.9669564356e-03 8.9154164907e+00 3.5552346650e-02
287                7.3647334201e-01 -6.4670061686e+02 -7.1093060488e-01 7.3063962696e-01 -6.5563276274e+02 -7.4739631688e-01 5.8337150504e-03 8.9321458832e+00 3.6465711997e-02
288                7.3734553658e-01 -6.4565699913e+02 -7.1432488014e-01 7.3327383339e-01 -6.5453802952e+02 -7.5595988633e-01 4.0717031950e-03 8.8810303947e+00 4.1635006194e-02
289                7.3282434795e-01 -6.4470627481e+02 -7.0085823467e-01 7.2700802070e-01 -6.5361727821e+02 -7.3925945621e-01 5.8163272492e-03 8.9110034034e+00 3.8401221538e-02
290                7.3440295287e-01 -6.4408147464e+02 -7.1124485302e-01 7.2901012947e-01 -6.5299041663e+02 -7.4410187087e-01 5.3928234003e-03 8.9089419930e+00 3.2857017856e-02
291                7.4996728668e-01 -6.4342694296e+02 -7.3668257354e-01 7.4598246342e-01 -6.5233180719e+02 -7.7123479346e-01 3.9848232680e-03 8.9048642228e+00 3.4552219911e-02
292                7.4577068117e-01 -6.4300153888e+02 -7.1860259963e-01 7.3947416000e-01 -6.5187882905e+02 -7.5199369189e-01 6.2965211613e-03 8.8772901693e+00 3.3391092259e-02
293                7.4313536269e-01 -6.4292403069e+02 -7.1431656902e-01 7.3752048841e-01 -6.5184093947e+02 -7.4944559270e-01 5.6148742780e-03 8.9169087734e+00 3.5129023676e-02
294                7.3935300120e-01 -6.4293504916e+02 -7.0448519057e-01 7.3452206607e-01 -6.5182715966e+02 -7.4644139997e-01 4.8309351312e-03 8.8921105048e+00 4.1956209397e-02
295                7.3692686506e-01 -6.4303556662e+02 -7.0838894560e-01 7.3118818343e-01 -6.5192160289e+02 -7.4077842400e-01 5.7386816338e-03 8.8860362684e+00 3.2389478405e-02
296                7.3684399409e-01 -6.4337247787e+02 -7.0492160210e-01 7.3182993775e-01 -6.5228218161e+02 -7.4009834286e-01 5.0140563408e-03 8.9097037378e+00 3.5176740758e-02
297                7.3102348519e-01 -6.4392132200e+02 -6.9002807727e-01 7.2537777726e-01 -6.5283664434e+02 -7.2783830056e-01 5.6457079280e-03 8.9153223364e+00 3.7810223290e-02
298                7.3400849570e-01 -6.4445133046e+02 -7.0358637046e-01 7.2982023811e-01 -6.5332062395e+02 -7.4210114618e-01 4.1882575974e-03 8.8692934816e+00 3.8514775720e-02
299                7.3748434112e-01 -6.4515811784e+02 -7.0872796941e-01 7.3253562080e-01 -6.5407556450e+02 -7.4554943253e-01 4.9487203150e-03 8.9174466594e+00 3.6821463124e-02
300                7.3779431803e-01 -6.4588163646e+02 -7.1737111159e-01 7.3255222578e-01 -6.5479147791e+02 -7.4852202842e-01 5.2420922546e-03 8.9098414501e+00 3.1150916829e-02
