# Force           
# CofR            : (-1.4000000000e+00 0.0000000000e+00 0.0000000000e+00)
#
# Time            	total_x total_y total_z	pressure_x pressure_y pressure_z	viscous_x viscous_y viscous_z
1                  2.1843225915e+02 -5.2420291892e-02 1.5754772257e+01 2.1678370672e+02 -5.2590795796e-02 1.5766462300e+01 1.6485524334e+00 1.7050390418e-04 -1.1690042320e-02
2                  3.6449838179e+02 1.2469876556e-01 1.8869133255e+01 3.6280623891e+02 1.2514934784e-01 1.8872228419e+01 1.6921428811e+00 -4.5058228048e-04 -3.0951639857e-03
3                  4.4488447212e+02 3.9886737343e-01 3.0958422218e+01 4.4318323751e+02 3.9988914886e-01 3.0945995973e+01 1.7012346111e+00 -1.0217754223e-03 1.2426245298e-02
4                  4.8417737836e+02 8.8877808954e-01 5.2719017390e+01 4.8252693971e+02 8.9028667611e-01 5.2680148196e+01 1.6504386558e+00 -1.5085865684e-03 3.8869193710e-02
5                  4.9596952933e+02 1.4803916273e+00 7.5716356024e+01 4.9436477811e+02 1.4822059475e+00 7.5652202181e+01 1.6047512251e+00 -1.8143201812e-03 6.4153843023e-02
6                  4.8282099544e+02 1.8457873726e+00 1.0290902808e+02 4.8127530815e+02 1.8479681554e+00 1.0281441363e+02 1.5456872898e+00 -2.1807828586e-03 9.4614444641e-02
7                  4.4917853390e+02 1.9915362020e+00 1.3022858692e+02 4.4774434861e+02 1.9942372786e+00 1.3009605168e+02 1.4341852854e+00 -2.7010765858e-03 1.3253524687e-01
8                  4.0462403449e+02 1.9099389517e+00 1.5220701067e+02 4.0333748730e+02 1.9137092445e+00 1.5204226432e+02 1.2865471975e+00 -3.7702927516e-03 1.6474635178e-01
9                  3.5310175600e+02 1.5803179572e+00 1.7160630913e+02 3.5192648797e+02 1.5836639789e+00 1.7142199819e+02 1.1752680285e+00 -3.3460217606e-03 1.8431093791e-01
10                 3.0390676242e+02 1.1830580181e+00 1.8635466163e+02 3.0283605332e+02 1.1861808950e+00 1.8615411452e+02 1.0707091037e+00 -3.1228768646e-03 2.0054710874e-01
11                 2.6272242313e+02 7.6280465149e-01 1.9553161376e+02 2.6172798998e+02 7.6767837524e-01 1.9532803919e+02 9.9443314651e-01 -4.8737237443e-03 2.0357456378e-01
12                 2.3154292502e+02 3.0154876121e-01 1.9994601495e+02 2.3053702635e+02 3.0578581472e-01 1.9975105048e+02 1.0058986747e+00 -4.2370535079e-03 1.9496446832e-01
13                 2.1139229252e+02 -1.2011627099e-01 2.0089934433e+02 2.1031562530e+02 -1.1578834606e-01 2.0072401995e+02 1.0766672212e+00 -4.3279249308e-03 1.7532437548e-01
14                 2.0100875213e+02 -5.4048473548e-01 1.9854973511e+02 1.9977612486e+02 -5.3700800435e-01 1.9838978229e+02 1.2326272756e+00 -3.4767311251e-03 1.5995282322e-01
15                 1.9790240983e+02 -9.8154226064e-01 1.9453788117e+02 1.9648059160e+02 -9.7781486948e-01 1.9437928773e+02 1.4218182337e+00 -3.7273911665e-03 1.5859343563e-01
16                 1.9964819674e+02 -1.3288719214e+00 1.8935136152e+02 1.9799483123e+02 -1.3292122473e+00 1.8918521610e+02 1.6533655101e+00 3.4032589230e-04 1.6614541782e-01
17                 2.0365454187e+02 -1.6908410976e+00 1.8383360088e+02 2.0178535289e+02 -1.6889504045e+00 1.8364344237e+02 1.8691889814e+00 -1.8906930305e-03 1.9015850825e-01
18                 2.0815858389e+02 -1.9390288352e+00 1.7855841032e+02 2.0609665043e+02 -1.9355507898e+00 1.7833151295e+02 2.0619334585e+00 -3.4780453596e-03 2.2689737208e-01
19                 2.1257054410e+02 -1.9934623409e+00 1.7406286053e+02 2.1036165558e+02 -1.9901202982e+00 1.7380503021e+02 2.2088885160e+00 -3.3420427678e-03 2.5783032205e-01
20                 2.1689161519e+02 -1.8309169688e+00 1.7060187688e+02 2.1458184332e+02 -1.8244418877e+00 1.7031249815e+02 2.3097718680e+00 -6.4750811068e-03 2.8937873175e-01
21                 2.2072421254e+02 -1.5044352775e+00 1.6840676697e+02 2.1833979902e+02 -1.4955588761e+00 1.6810817677e+02 2.3844135182e+00 -8.8764014205e-03 2.9859019956e-01
22                 2.2407755001e+02 -1.2147754806e+00 1.6714931217e+02 2.2165215527e+02 -1.2068603267e+00 1.6684292665e+02 2.4253947447e+00 -7.9151539014e-03 3.0638552051e-01
23                 2.2648237899e+02 -9.5041567043e-01 1.6689424751e+02 2.2400731137e+02 -9.4212208327e-01 1.6658789149e+02 2.4750676169e+00 -8.2935871648e-03 3.0635601818e-01
24                 2.2821252527e+02 -6.3638915283e-01 1.6689543779e+02 2.2571233584e+02 -6.2903697043e-01 1.6659299876e+02 2.5001894322e+00 -7.3521824010e-03 3.0243902739e-01
25                 2.2887352051e+02 -3.2209773428e-01 1.6744285239e+02 2.2634015875e+02 -3.1676087413e-01 1.6714628711e+02 2.5333617571e+00 -5.3368601464e-03 2.9656527997e-01
26                 2.2888527485e+02 -4.0759139954e-02 1.6788637052e+02 2.2633867257e+02 -3.5776318675e-02 1.6759464272e+02 2.5466022766e+00 -4.9828212792e-03 2.9172780104e-01
27                 2.2819693042e+02 1.9511132799e-01 1.6838502461e+02 2.2563657022e+02 1.9985414195e-01 1.6809675200e+02 2.5603601995e+00 -4.7428139595e-03 2.8827260593e-01
28                 2.2713035378e+02 4.5910922441e-01 1.6874946009e+02 2.2456312759e+02 4.6424460397e-01 1.6846556784e+02 2.5672261959e+00 -5.1353795655e-03 2.8389225493e-01
29                 2.2589551554e+02 6.5813840671e-01 1.6890017245e+02 2.2332136863e+02 6.6341224811e-01 1.6862231145e+02 2.5741469057e+00 -5.2738413975e-03 2.7786100060e-01
30                 2.2464407323e+02 7.5130093876e-01 1.6883657473e+02 2.2206023787e+02 7.5675597071e-01 1.6856430025e+02 2.5838353606e+00 -5.4550319495e-03 2.7227448334e-01
31                 2.2345580608e+02 7.3754783826e-01 1.6857245897e+02 2.2085963332e+02 7.4406087954e-01 1.6830660553e+02 2.5961727639e+00 -6.5130412748e-03 2.6585344456e-01
32                 2.2243574564e+02 6.5912385867e-01 1.6813679232e+02 2.1982484109e+02 6.6437543481e-01 1.6787799817e+02 2.6109045499e+00 -5.2515761352e-03 2.5879414592e-01
33                 2.2164193553e+02 5.5798985577e-01 1.6759407874e+02 2.1901357291e+02 5.6285067534e-01 1.6734226464e+02 2.6283626207e+00 -4.8608195712e-03 2.5181410077e-01
34                 2.2105355491e+02 4.7454239425e-01 1.6697289059e+02 2.1840845974e+02 4.7959087233e-01 1.6672802366e+02 2.6450951663e+00 -5.0484780770e-03 2.4486693445e-01
35                 2.2060796527e+02 4.3801480531e-01 1.6629898493e+02 2.1794697819e+02 4.4302906335e-01 1.6606099064e+02 2.6609870854e+00 -5.0142580382e-03 2.3799429191e-01
36                 2.2020228861e+02 4.2168255266e-01 1.6561286243e+02 2.1752794715e+02 4.2713623827e-01 1.6538132057e+02 2.6743414641e+00 -5.4536856149e-03 2.3154186197e-01
37                 2.1978644925e+02 4.4608313853e-01 1.6495385105e+02 2.1710286106e+02 4.5200730250e-01 1.6472825362e+02 2.6835881932e+00 -5.9241639637e-03 2.2559743387e-01
38                 2.1932355254e+02 4.9774308573e-01 1.6435791127e+02 2.1663467487e+02 5.0358392772e-01 1.6413796141e+02 2.6888776626e+00 -5.8408419896e-03 2.1994986070e-01
39                 2.1880161438e+02 5.8136057434e-01 1.6384665256e+02 2.1611102682e+02 5.8698219496e-01 1.6363218039e+02 2.6905875539e+00 -5.6216206204e-03 2.1447217268e-01
40                 2.1822954599e+02 6.9488358671e-01 1.6343723111e+02 2.1554025630e+02 7.0037476574e-01 1.6322784133e+02 2.6892896906e+00 -5.4911790342e-03 2.0938978096e-01
41                 2.1763850052e+02 8.3283209438e-01 1.6313925553e+02 2.1495298878e+02 8.3787378035e-01 1.6293423457e+02 2.6855117348e+00 -5.0416859749e-03 2.0502095665e-01
42                 2.1707472594e+02 9.9120903411e-01 1.6296417174e+02 2.1439431280e+02 9.9571524682e-01 1.6276271142e+02 2.6804131387e+00 -4.5062127049e-03 2.0146031971e-01
43                 2.1658461810e+02 1.1554058899e+00 1.6289927591e+02 2.1390989430e+02 1.1593962130e+00 1.6270067847e+02 2.6747237981e+00 -3.9903230640e-03 1.9859743505e-01
44                 2.1621117363e+02 1.2999923798e+00 1.6293756948e+02 2.1354192442e+02 1.3036315470e+00 1.6274111607e+02 2.6692492116e+00 -3.6391671660e-03 1.9645340816e-01
45                 2.1596637798e+02 1.3985351106e+00 1.6306301006e+02 2.1330194047e+02 1.4020015998e+00 1.6286793144e+02 2.6644375072e+00 -3.4664892659e-03 1.9507861364e-01
46                 2.1584437967e+02 1.4382461045e+00 1.6325464940e+02 2.1318376739e+02 1.4416062708e+00 1.6306028014e+02 2.6606122717e+00 -3.3601663420e-03 1.9436926340e-01
47                 2.1581880236e+02 1.4123773610e+00 1.6349947893e+02 2.1316103797e+02 1.4157528144e+00 1.6330534051e+02 2.6577643967e+00 -3.3754533149e-03 1.9413842432e-01
48                 2.1584911510e+02 1.3261568049e+00 1.6377857664e+02 2.1319327633e+02 1.3297675386e+00 1.6358433827e+02 2.6558387692e+00 -3.6107337536e-03 1.9423837308e-01
49                 2.1589066759e+02 1.1888691603e+00 1.6407387170e+02 2.1323618493e+02 1.1927855685e+00 1.6387939620e+02 2.6544826570e+00 -3.9164081713e-03 1.9447549834e-01
50                 2.1590776525e+02 1.0309125039e+00 1.6436969970e+02 2.1325414684e+02 1.0351903757e+00 1.6417511421e+02 2.6536184079e+00 -4.2778717437e-03 1.9458549011e-01
51                 2.1589037753e+02 8.8588377150e-01 1.6464051456e+02 2.1323725662e+02 8.9051852972e-01 1.6444598762e+02 2.6531209028e+00 -4.6347582209e-03 1.9452694210e-01
52                 2.1585776712e+02 7.6853435972e-01 1.6486115975e+02 2.1320484670e+02 7.7342124810e-01 1.6466697483e+02 2.6529204209e+00 -4.8868883866e-03 1.9418491025e-01
53                 2.1581418210e+02 6.8584324916e-01 1.6501872235e+02 2.1316112240e+02 6.9084700089e-01 1.6482513207e+02 2.6530596976e+00 -5.0037517307e-03 1.9359027950e-01
54                 2.1577214750e+02 6.3222902737e-01 1.6511201339e+02 2.1311853120e+02 6.3716721163e-01 1.6491929554e+02 2.6536163079e+00 -4.9381842594e-03 1.9271784691e-01
55                 2.1573748980e+02 6.0503828068e-01 1.6514969757e+02 2.1308306564e+02 6.0987638978e-01 1.6495793285e+02 2.6544241591e+00 -4.8381090993e-03 1.9176471975e-01
56                 2.1571681578e+02 6.0151552836e-01 1.6514536479e+02 2.1306166262e+02 6.0619393504e-01 1.6495443036e+02 2.6551531576e+00 -4.6784066781e-03 1.9093443221e-01
57                 2.1571311194e+02 6.1415372928e-01 1.6511248620e+02 2.1305747669e+02 6.1866962353e-01 1.6492221966e+02 2.6556352527e+00 -4.5158942435e-03 1.9026654110e-01
58                 2.1572665020e+02 6.3822542883e-01 1.6506284018e+02 2.1307061777e+02 6.4261620946e-01 1.6487316075e+02 2.6560324277e+00 -4.3907806329e-03 1.8967942973e-01
59                 2.1575035345e+02 6.7233434732e-01 1.6500375150e+02 2.1309395279e+02 6.7661476893e-01 1.6481454231e+02 2.6564006621e+00 -4.2804216096e-03 1.8920919749e-01
60                 2.1577534873e+02 7.0649880304e-01 1.6494299320e+02 2.1311874378e+02 7.1066439365e-01 1.6475407022e+02 2.6566049502e+00 -4.1655906127e-03 1.8892297955e-01
61                 2.1578898470e+02 7.3324212432e-01 1.6488132424e+02 2.1313214754e+02 7.3735871208e-01 1.6469266768e+02 2.6568371547e+00 -4.1165877600e-03 1.8865655594e-01
62                 2.1578565063e+02 7.5179955845e-01 1.6482212203e+02 2.1312850909e+02 7.5590876569e-01 1.6463379573e+02 2.6571415307e+00 -4.1092072420e-03 1.8832629598e-01
63                 2.1575820576e+02 7.6211241001e-01 1.6476298137e+02 2.1310075238e+02 7.6617753281e-01 1.6457505687e+02 2.6574533753e+00 -4.0651227956e-03 1.8792449732e-01
64                 2.1571131565e+02 7.6963745515e-01 1.6470673190e+02 2.1305354515e+02 7.7377050163e-01 1.6451932589e+02 2.6577705043e+00 -4.1330464770e-03 1.8740600346e-01
65                 2.1564942975e+02 7.7751401870e-01 1.6465333852e+02 2.1299125075e+02 7.8173644928e-01 1.6446660627e+02 2.6581790041e+00 -4.2224305803e-03 1.8673225508e-01
66                 2.1557610298e+02 7.8872854956e-01 1.6460570672e+02 2.1291732074e+02 7.9298587920e-01 1.6441980712e+02 2.6587822331e+00 -4.2573296409e-03 1.8589959766e-01
67                 2.1549079029e+02 8.0345209159e-01 1.6456039308e+02 2.1283124734e+02 8.0772767463e-01 1.6437545579e+02 2.6595429478e+00 -4.2755830317e-03 1.8493728308e-01
68                 2.1539446280e+02 8.1917814683e-01 1.6451259160e+02 2.1273407369e+02 8.2346339240e-01 1.6432870889e+02 2.6603891099e+00 -4.2852455634e-03 1.8388270640e-01
69                 2.1528899464e+02 8.3504233527e-01 1.6446023207e+02 2.1262774860e+02 8.3933357685e-01 1.6427745361e+02 2.6612460376e+00 -4.2912415711e-03 1.8277845919e-01
70                 2.1517998765e+02 8.4800688321e-01 1.6440263189e+02 2.1251791640e+02 8.5229680031e-01 1.6422100334e+02 2.6620712465e+00 -4.2899171056e-03 1.8162855251e-01
71                 2.1506959041e+02 8.5292993346e-01 1.6433904082e+02 2.1240675503e+02 8.5721723230e-01 1.6415859082e+02 2.6628353799e+00 -4.2872988369e-03 1.8045000054e-01
72                 2.1496192278e+02 8.4440472856e-01 1.6427109245e+02 2.1229841440e+02 8.4870818812e-01 1.6409181848e+02 2.6635083846e+00 -4.3034595644e-03 1.7927396498e-01
73                 2.1485757208e+02 8.2364548603e-01 1.6420561995e+02 2.1219349224e+02 8.2797773506e-01 1.6402752405e+02 2.6640798374e+00 -4.3322490310e-03 1.7809590033e-01
74                 2.1475370781e+02 7.9020922546e-01 1.6414056296e+02 2.1208915157e+02 7.9458630798e-01 1.6396363195e+02 2.6645562364e+00 -4.3770825251e-03 1.7693100394e-01
75                 2.1465960551e+02 7.4592842123e-01 1.6407544351e+02 2.1199461573e+02 7.5038467007e-01 1.6389961321e+02 2.6649897807e+00 -4.4562488431e-03 1.7583029820e-01
76                 2.1458029333e+02 6.9673942649e-01 1.6401349901e+02 2.1191495255e+02 7.0130321699e-01 1.6383876385e+02 2.6653407765e+00 -4.5637905058e-03 1.7473516093e-01
77                 2.1451447211e+02 6.4811850133e-01 1.6395985120e+02 2.1184882726e+02 6.5277963156e-01 1.6378611172e+02 2.6656448546e+00 -4.6611302363e-03 1.7373948276e-01
78                 2.1445775157e+02 6.0140609213e-01 1.6391437212e+02 2.1179191608e+02 6.0614539406e-01 1.6374147915e+02 2.6658354976e+00 -4.7393019327e-03 1.7289297225e-01
79                 2.1440947058e+02 5.6196864789e-01 1.6388124542e+02 2.1174358724e+02 5.6675998573e-01 1.6370898553e+02 2.6658833387e+00 -4.7913378320e-03 1.7225988892e-01
80                 2.1436596953e+02 5.2862303685e-01 1.6386425732e+02 2.1170027986e+02 5.3345065317e-01 1.6369239009e+02 2.6656896780e+00 -4.8276163164e-03 1.7186723629e-01
81                 2.1432348385e+02 5.0043800864e-01 1.6386587602e+02 2.1165821660e+02 5.0529578822e-01 1.6369413794e+02 2.6652672570e+00 -4.8577795851e-03 1.7173807865e-01
82                 2.1428227296e+02 4.7616318026e-01 1.6388612362e+02 2.1161763277e+02 4.8102508320e-01 1.6371425966e+02 2.6646401990e+00 -4.8619029408e-03 1.7186395232e-01
83                 2.1424099402e+02 4.5782078951e-01 1.6392695462e+02 2.1157717929e+02 4.6265866785e-01 1.6375469499e+02 2.6638147381e+00 -4.8378783448e-03 1.7225963656e-01
84                 2.1420239151e+02 4.4500909737e-01 1.6398778302e+02 2.1153957206e+02 4.4981076175e-01 1.6381490761e+02 2.6628194527e+00 -4.8016643731e-03 1.7287540885e-01
85                 2.1417225348e+02 4.3751775455e-01 1.6406751512e+02 2.1151053274e+02 4.4227629401e-01 1.6389386710e+02 2.6617207338e+00 -4.7585394660e-03 1.7364801762e-01
86                 2.1415426482e+02 4.3225725906e-01 1.6416686169e+02 2.1149370129e+02 4.3697057908e-01 1.6399233454e+02 2.6605635323e+00 -4.7133200198e-03 1.7452714945e-01
87                 2.1414988193e+02 4.2707485955e-01 1.6428375198e+02 2.1149044791e+02 4.3174751846e-01 1.6410828188e+02 2.6594340112e+00 -4.6726589083e-03 1.7547010842e-01
88                 2.1416173036e+02 4.2031474528e-01 1.6441439660e+02 2.1150330337e+02 4.2498882110e-01 1.6423796353e+02 2.6584269897e+00 -4.6740758195e-03 1.7643306532e-01
89                 2.1419166451e+02 4.1224023996e-01 1.6455346110e+02 2.1153405811e+02 4.1692814082e-01 1.6437607611e+02 2.6576064023e+00 -4.6879008580e-03 1.7738498606e-01
90                 2.1423509966e+02 4.0353697000e-01 1.6469410395e+02 2.1157807014e+02 4.0824129843e-01 1.6451582520e+02 2.6570295248e+00 -4.7043284345e-03 1.7827875170e-01
91                 2.1429055671e+02 3.9563513163e-01 1.6482736276e+02 2.1163386642e+02 4.0035485554e-01 1.6464827192e+02 2.6566902920e+00 -4.7197239048e-03 1.7909084170e-01
92                 2.1434954784e+02 3.8880524319e-01 1.6494802352e+02 2.1169300406e+02 3.9353449804e-01 1.6476822190e+02 2.6565437877e+00 -4.7292548445e-03 1.7980161844e-01
93                 2.1441152624e+02 3.8534175693e-01 1.6505207179e+02 2.1175493053e+02 3.9008051007e-01 1.6487167569e+02 2.6565957081e+00 -4.7387531384e-03 1.8039609196e-01
94                 2.1447802164e+02 3.8660715079e-01 1.6513821274e+02 2.1182121001e+02 3.9135997460e-01 1.6495734280e+02 2.6568116306e+00 -4.7528238066e-03 1.8086993458e-01
95                 2.1454866229e+02 3.9170093244e-01 1.6520653558e+02 2.1189146653e+02 3.9645211739e-01 1.6502531558e+02 2.6571957610e+00 -4.7511849521e-03 1.8121999778e-01
96                 2.1461854034e+02 3.9871323264e-01 1.6525657218e+02 2.1196083330e+02 4.0345385292e-01 1.6507513101e+02 2.6577070441e+00 -4.7406202808e-03 1.8144116913e-01
97                 2.1468396962e+02 4.0501749673e-01 1.6528966266e+02 2.1202569246e+02 4.0973993693e-01 1.6510811904e+02 2.6582771640e+00 -4.7224402039e-03 1.8154361826e-01
98                 2.1474194550e+02 4.0851367277e-01 1.6530928225e+02 2.1208310104e+02 4.1322329549e-01 1.6512773550e+02 2.6588444633e+00 -4.7096227196e-03 1.8154675085e-01
99                 2.1479291408e+02 4.0876640009e-01 1.6532017560e+02 2.1213354524e+02 4.1346220526e-01 1.6513869641e+02 2.6593688432e+00 -4.6958051758e-03 1.8147918742e-01
100                2.1483642392e+02 4.0564059615e-01 1.6532319504e+02 2.1217662538e+02 4.1032238407e-01 1.6514183799e+02 2.6597985422e+00 -4.6817879182e-03 1.8135705870e-01
101                2.1487387224e+02 4.0212312791e-01 1.6532462363e+02 2.1221375468e+02 4.0678792615e-01 1.6514341347e+02 2.6601175628e+00 -4.6647982394e-03 1.8121015983e-01
102                2.1490222784e+02 3.9971734980e-01 1.6532324765e+02 2.1224190760e+02 4.0436651672e-01 1.6514219680e+02 2.6603202423e+00 -4.6491669195e-03 1.8105084653e-01
103                2.1492211848e+02 4.0013306576e-01 1.6531735054e+02 2.1226172674e+02 4.0477259935e-01 1.6513646568e+02 2.6603917393e+00 -4.6395335895e-03 1.8088486118e-01
104                2.1493771093e+02 4.0548101484e-01 1.6530743877e+02 2.1227734876e+02 4.1011740380e-01 1.6512671752e+02 2.6603621726e+00 -4.6363889524e-03 1.8072124786e-01
105                2.1495031390e+02 4.1742440437e-01 1.6529514340e+02 2.1229006343e+02 4.2205731971e-01 1.6511455674e+02 2.6602504696e+00 -4.6329153335e-03 1.8058666009e-01
106                2.1496203681e+02 4.3389749390e-01 1.6527967497e+02 2.1230196031e+02 4.3852096858e-01 1.6509921631e+02 2.6600765003e+00 -4.6234746760e-03 1.8045866302e-01
107                2.1497604975e+02 4.5298871522e-01 1.6526163398e+02 2.1231620247e+02 4.5759685118e-01 1.6508130568e+02 2.6598472763e+00 -4.6081359597e-03 1.8032830405e-01
108                2.1498804299e+02 4.7080521495e-01 1.6524184676e+02 2.1232848791e+02 4.7539810496e-01 1.6506166149e+02 2.6595550808e+00 -4.5928900120e-03 1.8018526749e-01
109                2.1499424027e+02 4.8334962077e-01 1.6521647708e+02 2.1233504060e+02 4.8793389932e-01 1.6503648170e+02 2.6591996712e+00 -4.5842785403e-03 1.7999537591e-01
110                2.1499457978e+02 4.9183661665e-01 1.6518577903e+02 2.1233580137e+02 4.9641073262e-01 1.6500599253e+02 2.6587784076e+00 -4.5741159660e-03 1.7978649977e-01
111                2.1498128253e+02 4.9369905868e-01 1.6514878667e+02 2.1232300694e+02 4.9827267145e-01 1.6496921119e+02 2.6582755967e+00 -4.5736127667e-03 1.7957548448e-01
112                2.1495985332e+02 4.9127464015e-01 1.6510291286e+02 2.1230215890e+02 4.9584599341e-01 1.6492356956e+02 2.6576944150e+00 -4.5713532563e-03 1.7934329221e-01
113                2.1493294907e+02 4.8569512435e-01 1.6504976395e+02 2.1227592001e+02 4.9026630512e-01 1.6487066087e+02 2.6570290600e+00 -4.5711807694e-03 1.7910307992e-01
114                2.1490375850e+02 4.7867569482e-01 1.6499284007e+02 2.1224744424e+02 4.8324451877e-01 1.6481396590e+02 2.6563142556e+00 -4.5688239497e-03 1.7887417521e-01
115                2.1487442808e+02 4.7055593897e-01 1.6493448082e+02 2.1221886157e+02 4.7512197147e-01 1.6475581483e+02 2.6555665126e+00 -4.5660325019e-03 1.7866598520e-01
116                2.1484707855e+02 4.6224557745e-01 1.6487919422e+02 2.1219228396e+02 4.6680701269e-01 1.6470070428e+02 2.6547945832e+00 -4.5614352383e-03 1.7848993873e-01
117                2.1482065568e+02 4.5485806938e-01 1.6483162294e+02 2.1216664775e+02 4.5940927590e-01 1.6465326681e+02 2.6540079333e+00 -4.5512065156e-03 1.7835612962e-01
118                2.1479479147e+02 4.4864831951e-01 1.6479204097e+02 2.1214155794e+02 4.5318616740e-01 1.6461376970e+02 2.6532335354e+00 -4.5378478939e-03 1.7827127285e-01
119                2.1477248849e+02 4.4531856092e-01 1.6476558212e+02 2.1212001054e+02 4.4983851933e-01 1.6458733619e+02 2.6524779469e+00 -4.5199584037e-03 1.7824593326e-01
120                2.1475055446e+02 4.4436218482e-01 1.6475326986e+02 2.1209881419e+02 4.4886417994e-01 1.6457497919e+02 2.6517402732e+00 -4.5019951148e-03 1.7829067483e-01
121                2.1473173698e+02 4.4578986253e-01 1.6475611983e+02 2.1208070238e+02 4.5027381257e-01 1.6457771420e+02 2.6510345987e+00 -4.4839500429e-03 1.7840562948e-01
122                2.1471789642e+02 4.4884213827e-01 1.6477555536e+02 2.1206751788e+02 4.5331102341e-01 1.6459696449e+02 2.6503785372e+00 -4.4688851329e-03 1.7859087237e-01
123                2.1470948283e+02 4.5358677298e-01 1.6481180957e+02 2.1205969255e+02 4.5804299206e-01 1.6463296691e+02 2.6497902870e+00 -4.4562190780e-03 1.7884266254e-01
124                2.1470627251e+02 4.5897586004e-01 1.6486229566e+02 2.1205698758e+02 4.6342336878e-01 1.6468314366e+02 2.6492849333e+00 -4.4475087340e-03 1.7915200159e-01
125                2.1471005269e+02 4.6489685043e-01 1.6492378170e+02 2.1206117369e+02 4.6934027860e-01 1.6474427554e+02 2.6488790004e+00 -4.4434281690e-03 1.7950615931e-01
126                2.1472292734e+02 4.7036578742e-01 1.6499165312e+02 2.1207433666e+02 4.7481060893e-01 1.6481176792e+02 2.6485906767e+00 -4.4448215051e-03 1.7988520305e-01
127                2.1474354675e+02 4.7486554140e-01 1.6506493896e+02 2.1209511265e+02 4.7931587894e-01 1.6488466213e+02 2.6484341034e+00 -4.4503375445e-03 1.8027682911e-01
128                2.1477025341e+02 4.7744686063e-01 1.6513555093e+02 2.1212183184e+02 4.8190688385e-01 1.6495489973e+02 2.6484215677e+00 -4.4600232225e-03 1.8065120618e-01
129                2.1480875526e+02 4.7973275870e-01 1.6520396200e+02 2.1216018971e+02 4.8420202882e-01 1.6502297081e+02 2.6485655524e+00 -4.4692701225e-03 1.8099119036e-01
130                2.1485551616e+02 4.8065923842e-01 1.6526552046e+02 2.1220664696e+02 4.8513993408e-01 1.6508424295e+02 2.6488691997e+00 -4.4806956637e-03 1.8127750459e-01
131                2.1491319819e+02 4.8045556394e-01 1.6532064447e+02 2.1226386906e+02 4.8494704122e-01 1.6513914662e+02 2.6493291335e+00 -4.4914772842e-03 1.8149784607e-01
132                2.1497735268e+02 4.7891246799e-01 1.6536635920e+02 2.1232743051e+02 4.8341381346e-01 1.6518471564e+02 2.6499221750e+00 -4.5013454698e-03 1.8164355989e-01
133                2.1504556829e+02 4.7654633738e-01 1.6540369160e+02 2.1239494540e+02 4.8105580706e-01 1.6522197963e+02 2.6506228930e+00 -4.5094696787e-03 1.8171197274e-01
134                2.1511535512e+02 4.7360246429e-01 1.6542963843e+02 2.1246395509e+02 4.7811860685e-01 1.6524794305e+02 2.6514000346e+00 -4.5161425583e-03 1.8169538291e-01
135                2.1518519915e+02 4.7037731442e-01 1.6544660590e+02 2.1253297923e+02 4.7489954295e-01 1.6526500682e+02 2.6522199203e+00 -4.5222285306e-03 1.8159907843e-01
136                2.1525217140e+02 4.6720425959e-01 1.6545412089e+02 2.1259911258e+02 4.7172880387e-01 1.6527269690e+02 2.6530588168e+00 -4.5245442821e-03 1.8142398616e-01
137                2.1531333764e+02 4.6428787865e-01 1.6545482171e+02 2.1265946076e+02 4.6881339453e-01 1.6527363608e+02 2.6538768832e+00 -4.5255158811e-03 1.8118562156e-01
138                2.1536377375e+02 4.6205308454e-01 1.6544926461e+02 2.1270914199e+02 4.6657743993e-01 1.6526836406e+02 2.6546317556e+00 -4.5243553908e-03 1.8090055739e-01
139                2.1539927650e+02 4.6044910681e-01 1.6543958260e+02 2.1274400818e+02 4.6497191157e-01 1.6525898975e+02 2.6552683191e+00 -4.5228047557e-03 1.8059284575e-01
140                2.1541786660e+02 4.6008217349e-01 1.6542566074e+02 2.1276212420e+02 4.6460089669e-01 1.6524537907e+02 2.6557423930e+00 -4.5187232060e-03 1.8028167335e-01
141                2.1541969240e+02 4.6050781548e-01 1.6540608309e+02 2.1276366780e+02 4.6502397893e-01 1.6522610210e+02 2.6560245984e+00 -4.5161634502e-03 1.7998098827e-01
142                2.1540740988e+02 4.6239226286e-01 1.6538354924e+02 2.1275129953e+02 4.6690720478e-01 1.6520384051e+02 2.6561103472e+00 -4.5149419237e-03 1.7970872842e-01
143                2.1538200335e+02 4.6482498406e-01 1.6535547715e+02 2.1272600071e+02 4.6934032348e-01 1.6517601037e+02 2.6560026387e+00 -4.5153394147e-03 1.7946678018e-01
144                2.1534899119e+02 4.6795281430e-01 1.6532633051e+02 2.1269326497e+02 4.7246481630e-01 1.6514706620e+02 2.6557262175e+00 -4.5120020083e-03 1.7926431141e-01
145                2.1531096144e+02 4.7190660578e-01 1.6529715021e+02 2.1265564891e+02 4.7641164854e-01 1.6511804803e+02 2.6553125347e+00 -4.5050427560e-03 1.7910218316e-01
146                2.1527079138e+02 4.7473212262e-01 1.6526816899e+02 2.1261599860e+02 4.7923160884e-01 1.6508919064e+02 2.6547927778e+00 -4.4994862201e-03 1.7897835542e-01
147                2.1523167009e+02 4.7820603511e-01 1.6524228629e+02 2.1257747028e+02 4.8269773965e-01 1.6506339183e+02 2.6541998094e+00 -4.4917045404e-03 1.7889445755e-01
148                2.1519199396e+02 4.8173832089e-01 1.6521929761e+02 2.1253843606e+02 4.8622515056e-01 1.6504044688e+02 2.6535579079e+00 -4.4868296620e-03 1.7885072966e-01
149                2.1515159684e+02 4.8512753923e-01 1.6519845538e+02 2.1249870993e+02 4.8960965377e-01 1.6501961152e+02 2.6528869118e+00 -4.4821145416e-03 1.7884386939e-01
150                2.1511095350e+02 4.8843629656e-01 1.6517727696e+02 2.1245874573e+02 4.9291361362e-01 1.6499841204e+02 2.6522077675e+00 -4.4773170646e-03 1.7886492033e-01
151                2.1507132337e+02 4.9183456705e-01 1.6515756563e+02 2.1241979079e+02 4.9630658293e-01 1.6497865347e+02 2.6515325790e+00 -4.4720158778e-03 1.7891216017e-01
152                2.1503216773e+02 4.9522368354e-01 1.6513897734e+02 2.1238128257e+02 4.9969212137e-01 1.6495999660e+02 2.6508851624e+00 -4.4684378277e-03 1.7898074627e-01
153                2.1499315105e+02 4.9796649821e-01 1.6512036284e+02 2.1234287488e+02 5.0243297658e-01 1.6494129738e+02 2.6502761740e+00 -4.4664783716e-03 1.7906546378e-01
154                2.1495812782e+02 5.0088268858e-01 1.6510156138e+02 2.1230840137e+02 5.0534392878e-01 1.6492240299e+02 2.6497264487e+00 -4.4612402001e-03 1.7915839786e-01
155                2.1492832620e+02 5.0434604916e-01 1.6508631833e+02 2.1227908576e+02 5.0879719818e-01 1.6490705193e+02 2.6492404372e+00 -4.4511490208e-03 1.7926639723e-01
156                2.1490452073e+02 5.0751803200e-01 1.6507128544e+02 2.1225568254e+02 5.1195632342e-01 1.6489190763e+02 2.6488381876e+00 -4.4382914197e-03 1.7937780723e-01
157                2.1488985724e+02 5.1053469829e-01 1.6505825135e+02 2.1224134007e+02 5.1495676310e-01 1.6487876207e+02 2.6485171665e+00 -4.4220648053e-03 1.7948927650e-01
158                2.1488375970e+02 5.1280450779e-01 1.6504935358e+02 2.1223547911e+02 5.1721367169e-01 1.6486975549e+02 2.6482805856e+00 -4.4091639051e-03 1.7959809186e-01
159                2.1488700210e+02 5.1475006546e-01 1.6504493404e+02 2.1223886029e+02 5.1915340017e-01 1.6486523614e+02 2.6481418081e+00 -4.4033347084e-03 1.7969790040e-01
160                2.1489619435e+02 5.1614140137e-01 1.6504728202e+02 2.1224810026e+02 5.2054700018e-01 1.6486748711e+02 2.6480940873e+00 -4.4055988103e-03 1.7979490996e-01
161                2.1490966648e+02 5.1688672538e-01 1.6505327145e+02 2.1226153187e+02 5.2130029834e-01 1.6487339051e+02 2.6481346120e+00 -4.4135729653e-03 1.7988094292e-01
162                2.1492912439e+02 5.1800628570e-01 1.6506633643e+02 2.1228087344e+02 5.2242805236e-01 1.6488637737e+02 2.6482509509e+00 -4.4217666559e-03 1.7995906331e-01
163                2.1494905775e+02 5.1885403234e-01 1.6508374099e+02 2.1230062719e+02 5.2328395727e-01 1.6490371001e+02 2.6484305640e+00 -4.4299249290e-03 1.8003097311e-01
164                2.1497075092e+02 5.1860819303e-01 1.6510442033e+02 2.1232209010e+02 5.2304610730e-01 1.6492432493e+02 2.6486608225e+00 -4.4379142743e-03 1.8009539928e-01
165                2.1499594647e+02 5.1866601919e-01 1.6512744267e+02 2.1234700837e+02 5.2310795643e-01 1.6494729240e+02 2.6489380981e+00 -4.4419372483e-03 1.8015027009e-01
166                2.1501992237e+02 5.1848696939e-01 1.6515260746e+02 2.1237068039e+02 5.2293246012e-01 1.6497240438e+02 2.6492419788e+00 -4.4454907280e-03 1.8020308766e-01
167                2.1504591069e+02 5.1715557726e-01 1.6517836835e+02 2.1239633247e+02 5.2160546608e-01 1.6499812071e+02 2.6495782221e+00 -4.4498888248e-03 1.8024763972e-01
168                2.1507141590e+02 5.1390238329e-01 1.6520216076e+02 2.1242149365e+02 5.1835803137e-01 1.6502187659e+02 2.6499222508e+00 -4.4556480774e-03 1.8028416971e-01
169                2.1509798911e+02 5.1048776539e-01 1.6522642957e+02 2.1244771661e+02 5.1494676471e-01 1.6504611402e+02 2.6502724990e+00 -4.4589993148e-03 1.8031554792e-01
170                2.1512305989e+02 5.0603529368e-01 1.6524907100e+02 2.1247243796e+02 5.1050055123e-01 1.6506873056e+02 2.6506219272e+00 -4.4652575486e-03 1.8034044112e-01
171                2.1514733611e+02 5.0044241326e-01 1.6526897983e+02 2.1249637624e+02 5.0491556919e-01 1.6508862474e+02 2.6509598728e+00 -4.4731559335e-03 1.8035509704e-01
172                2.1517174984e+02 4.9469743126e-01 1.6528585805e+02 2.1252046395e+02 4.9917812888e-01 1.6510550357e+02 2.6512858877e+00 -4.4806976187e-03 1.8035447549e-01
173                2.1519467060e+02 4.8858501134e-01 1.6529911616e+02 2.1254307560e+02 4.9307493352e-01 1.6511878108e+02 2.6515949994e+00 -4.4899221812e-03 1.8033507228e-01
174                2.1521645140e+02 4.8312041170e-01 1.6530916462e+02 2.1256455934e+02 4.8761806436e-01 1.6512886895e+02 2.6518920570e+00 -4.4976526611e-03 1.8029566094e-01
175                2.1523447052e+02 4.7814362789e-01 1.6531709626e+02 2.1258230491e+02 4.8264877406e-01 1.6513685306e+02 2.6521656045e+00 -4.5051461751e-03 1.8024320748e-01
176                2.1524858586e+02 4.7309236616e-01 1.6531920037e+02 2.1259617624e+02 4.7760536219e-01 1.6513902951e+02 2.6524096252e+00 -4.5129960268e-03 1.8017086168e-01
177                2.1526201443e+02 4.6917858009e-01 1.6531918722e+02 2.1260938996e+02 4.7369703447e-01 1.6513910288e+02 2.6526244704e+00 -4.5184543757e-03 1.8008434300e-01
178                2.1527034925e+02 4.6574394561e-01 1.6531405516e+02 2.1261754694e+02 4.7026713726e-01 1.6513407229e+02 2.6528023076e+00 -4.5231916530e-03 1.7998287497e-01
179                2.1527545820e+02 4.6212076974e-01 1.6530548419e+02 2.1262251957e+02 4.6664861630e-01 1.6512561471e+02 2.6529386344e+00 -4.5278465667e-03 1.7986947899e-01
180                2.1527831186e+02 4.5943312066e-01 1.6529434273e+02 2.1262527407e+02 4.6396382452e-01 1.6511459510e+02 2.6530377868e+00 -4.5307038551e-03 1.7974763207e-01
181                2.1527542434e+02 4.5700725284e-01 1.6527955253e+02 2.1262234244e+02 4.6154229033e-01 1.6509993073e+02 2.6530819034e+00 -4.5350374898e-03 1.7962180005e-01
182                2.1526971888e+02 4.5478406253e-01 1.6526244788e+02 2.1261664233e+02 4.5932335926e-01 1.6508295419e+02 2.6530765512e+00 -4.5392967369e-03 1.7949369325e-01
183                2.1526155907e+02 4.5379162842e-01 1.6524412267e+02 2.1260853693e+02 4.5833389227e-01 1.6506475259e+02 2.6530221414e+00 -4.5422638515e-03 1.7937007900e-01
184                2.1525006021e+02 4.5329601990e-01 1.6522511386e+02 2.1259714194e+02 4.5784130629e-01 1.6504585838e+02 2.6529182651e+00 -4.5452863954e-03 1.7925547608e-01
185                2.1523583110e+02 4.5296100140e-01 1.6520526695e+02 2.1258306201e+02 4.5750866462e-01 1.6502611627e+02 2.6527690922e+00 -4.5476632159e-03 1.7915067532e-01
186                2.1521978939e+02 4.5348541926e-01 1.6518527535e+02 2.1256721237e+02 4.5803322827e-01 1.6500621805e+02 2.6525770201e+00 -4.5478090100e-03 1.7905729145e-01
187                2.1520348994e+02 4.5427927477e-01 1.6516738680e+02 2.1255113230e+02 4.5882710525e-01 1.6498840787e+02 2.6523576469e+00 -4.5478304854e-03 1.7897892550e-01
188                2.1518518262e+02 4.5623990097e-01 1.6515262487e+02 2.1253306856e+02 4.6078434166e-01 1.6497370180e+02 2.6521140671e+00 -4.5444406943e-03 1.7892306955e-01
189                2.1516464437e+02 4.5840704835e-01 1.6513878364e+02 2.1251279752e+02 4.6294823548e-01 1.6495989645e+02 2.6518468562e+00 -4.5411871316e-03 1.7888718950e-01
190                2.1514427436e+02 4.6020287528e-01 1.6512728815e+02 2.1249271627e+02 4.6474059778e-01 1.6494841433e+02 2.6515580917e+00 -4.5377224989e-03 1.7887382507e-01
191                2.1512379745e+02 4.6145942898e-01 1.6511642358e+02 2.1247253786e+02 4.6599283890e-01 1.6493754607e+02 2.6512595883e+00 -4.5334099204e-03 1.7887751273e-01
192                2.1510550569e+02 4.6272403073e-01 1.6510681168e+02 2.1245454093e+02 4.6725312048e-01 1.6492791826e+02 2.6509647577e+00 -4.5290897535e-03 1.7889341478e-01
193                2.1508827706e+02 4.6419419782e-01 1.6510096109e+02 2.1243759116e+02 4.6871958005e-01 1.6492203366e+02 2.6506858930e+00 -4.5253822271e-03 1.7892742354e-01
194                2.1507363708e+02 4.6616151033e-01 1.6509736645e+02 2.1242319635e+02 4.7068232663e-01 1.6491839274e+02 2.6504407367e+00 -4.5208162983e-03 1.7897371208e-01
195                2.1505988970e+02 4.6795756561e-01 1.6509414457e+02 2.1240967364e+02 4.7247383594e-01 1.6491511422e+02 2.6502160602e+00 -4.5162703374e-03 1.7903035292e-01
196                2.1505027985e+02 4.6940916609e-01 1.6509182609e+02 2.1240025114e+02 4.7391940631e-01 1.6491273508e+02 2.6500287126e+00 -4.5102402213e-03 1.7909101328e-01
197                2.1504779881e+02 4.7110233119e-01 1.6509064825e+02 2.1239790787e+02 4.7560506993e-01 1.6491149848e+02 2.6498909402e+00 -4.5027387373e-03 1.7914976933e-01
198                2.1504706474e+02 4.7207082598e-01 1.6508979559e+02 2.1239727247e+02 4.7656836495e-01 1.6491058921e+02 2.6497922692e+00 -4.4975389699e-03 1.7920638429e-01
199                2.1505221881e+02 4.7313354298e-01 1.6508942244e+02 2.1240246392e+02 4.7762622139e-01 1.6491017250e+02 2.6497548887e+00 -4.4926784136e-03 1.7924993911e-01
200                2.1506268167e+02 4.7398268643e-01 1.6508855737e+02 2.1241290544e+02 4.7847271882e-01 1.6490928107e+02 2.6497762300e+00 -4.4900323877e-03 1.7927629619e-01
201                2.1507617897e+02 4.7510496054e-01 1.6509222577e+02 2.1242632497e+02 4.7959293829e-01 1.6491292948e+02 2.6498540034e+00 -4.4879777457e-03 1.7929628919e-01
202                2.1508892175e+02 4.7530250457e-01 1.6509499328e+02 2.1243894452e+02 4.7979084491e-01 1.6491569070e+02 2.6499772314e+00 -4.4883403378e-03 1.7930258288e-01
203                2.1510448046e+02 4.7551319805e-01 1.6509830361e+02 2.1245434978e+02 4.8000166178e-01 1.6491900788e+02 2.6501306880e+00 -4.4884637343e-03 1.7929572575e-01
204                2.1511858408e+02 4.7572617675e-01 1.6510199467e+02 2.1246828531e+02 4.8021554851e-01 1.6492271406e+02 2.6502987721e+00 -4.4893717562e-03 1.7928060533e-01
205                2.1513262601e+02 4.7532733570e-01 1.6510593799e+02 2.1248214460e+02 4.7981861453e-01 1.6492668262e+02 2.6504814087e+00 -4.4912788357e-03 1.7925536949e-01
206                2.1514585054e+02 4.7522473511e-01 1.6511164681e+02 2.1249518737e+02 4.7971678744e-01 1.6493241701e+02 2.6506631709e+00 -4.4920523287e-03 1.7922979972e-01
207                2.1515568041e+02 4.7410852039e-01 1.6511825566e+02 2.1250485139e+02 4.7860353513e-01 1.6493904646e+02 2.6508290207e+00 -4.4950147388e-03 1.7920920451e-01
208                2.1516380489e+02 4.7190294674e-01 1.6512392000e+02 2.1251283504e+02 4.7640264163e-01 1.6494472918e+02 2.6509698558e+00 -4.4996948930e-03 1.7919081454e-01
209                2.1517137118e+02 4.7044807354e-01 1.6513126324e+02 2.1252028742e+02 4.7495152588e-01 1.6495208235e+02 2.6510837518e+00 -4.5034523466e-03 1.7918088803e-01
210                2.1517549580e+02 4.6854142213e-01 1.6513910656e+02 2.1252432655e+02 4.7305081504e-01 1.6495992512e+02 2.6511692492e+00 -4.5093929104e-03 1.7918143472e-01
211                2.1517788503e+02 4.6611988213e-01 1.6514545603e+02 2.1252665877e+02 4.7063509961e-01 1.6496626929e+02 2.6512262557e+00 -4.5152174731e-03 1.7918673745e-01
212                2.1518004538e+02 4.6414457131e-01 1.6515317785e+02 2.1252878780e+02 4.6866359704e-01 1.6497397569e+02 2.6512575792e+00 -4.5190257316e-03 1.7920215746e-01
213                2.1517967948e+02 4.6234348941e-01 1.6516039950e+02 2.1252841256e+02 4.6686613783e-01 1.6498117401e+02 2.6512669205e+00 -4.5226484218e-03 1.7922548464e-01
214                2.1517825998e+02 4.6122060703e-01 1.6516780851e+02 2.1252700564e+02 4.6574572474e-01 1.6498855185e+02 2.6512543394e+00 -4.5251177128e-03 1.7925666538e-01
215                2.1517689578e+02 4.5975637986e-01 1.6517397502e+02 2.1252566467e+02 4.6428417539e-01 1.6499468434e+02 2.6512311080e+00 -4.5277955332e-03 1.7929068855e-01
216                2.1517682434e+02 4.5823358302e-01 1.6517955947e+02 2.1252562028e+02 4.6276242419e-01 1.6500023445e+02 2.6512040625e+00 -4.5288411734e-03 1.7932502821e-01
217                2.1517586485e+02 4.5653233108e-01 1.6518488057e+02 2.1252468951e+02 4.6106213072e-01 1.6500552021e+02 2.6511753420e+00 -4.5297996405e-03 1.7936036408e-01
218                2.1517709651e+02 4.5518647291e-01 1.6518883426e+02 2.1252593524e+02 4.5971702020e-01 1.6500944537e+02 2.6511612708e+00 -4.5305472856e-03 1.7938889432e-01
219                2.1517803047e+02 4.5351693372e-01 1.6519149841e+02 2.1252688028e+02 4.5804960625e-01 1.6501208566e+02 2.6511501869e+00 -4.5326725315e-03 1.7941274222e-01
220                2.1518045911e+02 4.5226697369e-01 1.6519185592e+02 2.1252930225e+02 4.5680093752e-01 1.6501243307e+02 2.6511568607e+00 -4.5339638237e-03 1.7942285317e-01
221                2.1518423071e+02 4.5165553791e-01 1.6519260109e+02 2.1253305177e+02 4.5619062138e-01 1.6501317590e+02 2.6511789335e+00 -4.5350834692e-03 1.7942519396e-01
222                2.1518764172e+02 4.5109062373e-01 1.6519029452e+02 2.1253642340e+02 4.5562698198e-01 1.6501088158e+02 2.6512183220e+00 -4.5363582521e-03 1.7941294073e-01
223                2.1519267320e+02 4.5109717077e-01 1.6518677895e+02 2.1254140455e+02 4.5563309477e-01 1.6500739228e+02 2.6512686439e+00 -4.5359240034e-03 1.7938666840e-01
224                2.1519764796e+02 4.5109234716e-01 1.6518306901e+02 2.1254631740e+02 4.5562719401e-01 1.6500371831e+02 2.6513305585e+00 -4.5348468535e-03 1.7935070794e-01
225                2.1520139179e+02 4.5116568268e-01 1.6517829710e+02 2.1254999565e+02 4.5569892069e-01 1.6499899087e+02 2.6513961438e+00 -4.5332380120e-03 1.7930623172e-01
226                2.1520539805e+02 4.5135976147e-01 1.6517208910e+02 2.1255393818e+02 4.5589123545e-01 1.6499283700e+02 2.6514598707e+00 -4.5314739789e-03 1.7925210102e-01
227                2.1520895634e+02 4.5099830107e-01 1.6516443749e+02 2.1255744033e+02 4.5552927643e-01 1.6498524869e+02 2.6515160035e+00 -4.5309753682e-03 1.7918879784e-01
228                2.1521179824e+02 4.5113218236e-01 1.6515808350e+02 2.1256022985e+02 4.5566127055e-01 1.6497896040e+02 2.6515683961e+00 -4.5290881857e-03 1.7912310454e-01
229                2.1521217236e+02 4.5083971929e-01 1.6515067561e+02 2.1256056182e+02 4.5536883746e-01 1.6497162040e+02 2.6516105319e+00 -4.5291181725e-03 1.7905520883e-01
230                2.1521195252e+02 4.5028413094e-01 1.6514218144e+02 2.1256031655e+02 4.5481371937e-01 1.6496319691e+02 2.6516359744e+00 -4.5295884268e-03 1.7898452199e-01
231                2.1520999646e+02 4.5018848836e-01 1.6513580383e+02 2.1255835439e+02 4.5471781952e-01 1.6495688294e+02 2.6516420718e+00 -4.5293311574e-03 1.7892089075e-01
232                2.1520522943e+02 4.5009912576e-01 1.6512896972e+02 2.1255359919e+02 4.5462904915e-01 1.6495010712e+02 2.6516302397e+00 -4.5299233952e-03 1.7886259702e-01
233                2.1519852421e+02 4.4953814221e-01 1.6512236080e+02 2.1254693433e+02 4.5406936328e-01 1.6494354795e+02 2.6515898814e+00 -4.5312210691e-03 1.7881285081e-01
234                2.1519046962e+02 4.4979704623e-01 1.6511706069e+02 2.1253894126e+02 4.5432740526e-01 1.6493828497e+02 2.6515283585e+00 -4.5303590382e-03 1.7877571932e-01
235                2.1517952119e+02 4.5004380001e-01 1.6511270244e+02 2.1252808319e+02 4.5457409679e-01 1.6493394751e+02 2.6514380061e+00 -4.5302967777e-03 1.7875493392e-01
236                2.1516605547e+02 4.4946356008e-01 1.6510745797e+02 2.1251473832e+02 4.5399412273e-01 1.6492870999e+02 2.6513171434e+00 -4.5305626482e-03 1.7874798033e-01
237                2.1515439552e+02 4.4949002911e-01 1.6510238234e+02 2.1250321495e+02 4.5401815470e-01 1.6492363086e+02 2.6511805699e+00 -4.5281255914e-03 1.7875148471e-01
238                2.1514311326e+02 4.4942692428e-01 1.6509997716e+02 2.1249208094e+02 4.5395395621e-01 1.6492120422e+02 2.6510323223e+00 -4.5270319355e-03 1.7877293650e-01
239                2.1513135343e+02 4.4906209478e-01 1.6509775180e+02 2.1248047259e+02 4.5358873729e-01 1.6491894501e+02 2.6508808363e+00 -4.5266425121e-03 1.7880678738e-01
240                2.1512368514e+02 4.4894622214e-01 1.6509503865e+02 2.1247294814e+02 4.5347180820e-01 1.6491619463e+02 2.6507370016e+00 -4.5255860567e-03 1.7884401303e-01
241                2.1511854207e+02 4.4960000025e-01 1.6509593884e+02 2.1246793654e+02 4.5412463290e-01 1.6491704567e+02 2.6506055344e+00 -4.5246326470e-03 1.7889316809e-01
242                2.1511325368e+02 4.4979269433e-01 1.6509643357e+02 2.1246275866e+02 4.5431855029e-01 1.6491748904e+02 2.6504950165e+00 -4.5258559605e-03 1.7894452578e-01
243                2.1511233791e+02 4.4937423633e-01 1.6509813391e+02 2.1246192850e+02 4.5390065487e-01 1.6491913866e+02 2.6504094072e+00 -4.5264185353e-03 1.7899525521e-01
244                2.1511327619e+02 4.4958050300e-01 1.6510122180e+02 2.1246292476e+02 4.5410618857e-01 1.6492217564e+02 2.6503514337e+00 -4.5256855750e-03 1.7904615615e-01
245                2.1511593591e+02 4.5003631345e-01 1.6510412349e+02 2.1246561173e+02 4.5456217826e-01 1.6492503426e+02 2.6503241818e+00 -4.5258648078e-03 1.7908922677e-01
246                2.1512049351e+02 4.5054127666e-01 1.6510982513e+02 2.1247016537e+02 4.5506684452e-01 1.6493069444e+02 2.6503281440e+00 -4.5255678598e-03 1.7913069087e-01
247                2.1512500964e+02 4.5130675389e-01 1.6511635137e+02 2.1247465054e+02 4.5583140476e-01 1.6493718074e+02 2.6503591026e+00 -4.5246508722e-03 1.7917063685e-01
248                2.1513000357e+02 4.5191097974e-01 1.6512128838e+02 2.1247959854e+02 4.5643543880e-01 1.6494208560e+02 2.6504050225e+00 -4.5244590574e-03 1.7920277614e-01
249                2.1513662988e+02 4.5221278268e-01 1.6512794050e+02 2.1248616420e+02 4.5673778813e-01 1.6494870794e+02 2.6504656884e+00 -4.5250054517e-03 1.7923255406e-01
250                2.1514272391e+02 4.5235299651e-01 1.6513343176e+02 2.1249218377e+02 4.5687833112e-01 1.6495417595e+02 2.6505401462e+00 -4.5253346111e-03 1.7925580939e-01
251                2.1514889584e+02 4.5261653861e-01 1.6513942132e+02 2.1249827575e+02 4.5714248286e-01 1.6496014557e+02 2.6506200937e+00 -4.5259442466e-03 1.7927575133e-01
252                2.1515397823e+02 4.5215531616e-01 1.6514514886e+02 2.1250327378e+02 4.5668329487e-01 1.6496585547e+02 2.6507044565e+00 -4.5279787096e-03 1.7929338624e-01
253                2.1515916022e+02 4.5158788803e-01 1.6515022859e+02 2.1250837254e+02 4.5611785247e-01 1.6497092035e+02 2.6507876825e+00 -4.5299644465e-03 1.7930823357e-01
254                2.1516479804e+02 4.5131723645e-01 1.6515399614e+02 2.1251393035e+02 4.5584910835e-01 1.6497467896e+02 2.6508676866e+00 -4.5318719032e-03 1.7931718796e-01
255                2.1517019473e+02 4.5068528680e-01 1.6515823387e+02 2.1251925026e+02 4.5521980488e-01 1.6497890999e+02 2.6509444660e+00 -4.5345180799e-03 1.7932387844e-01
256                2.1517562139e+02 4.5003678898e-01 1.6516142157e+02 2.1252459832e+02 4.5457267056e-01 1.6498209683e+02 2.6510230667e+00 -4.5358815775e-03 1.7932473960e-01
257                2.1518035976e+02 4.4995371432e-01 1.6516465409e+02 2.1252926614e+02 4.5448986433e-01 1.6498533049e+02 2.6510936208e+00 -4.5361500055e-03 1.7932360322e-01
258                2.1518463869e+02 4.4932834482e-01 1.6516682560e+02 2.1253347774e+02 4.5386593603e-01 1.6498750825e+02 2.6511609514e+00 -4.5375912081e-03 1.7931734761e-01
259                2.1518956748e+02 4.4890443159e-01 1.6516896703e+02 2.1253834326e+02 4.5344178127e-01 1.6498965993e+02 2.6512242240e+00 -4.5373496818e-03 1.7930710360e-01
260                2.1519277334e+02 4.4886312748e-01 1.6517085086e+02 2.1254149485e+02 4.5339969714e-01 1.6499155599e+02 2.6512784973e+00 -4.5365696606e-03 1.7929486911e-01
261                2.1519586396e+02 4.4830816122e-01 1.6517186279e+02 2.1254453298e+02 4.5284521577e-01 1.6499258572e+02 2.6513309834e+00 -4.5370545544e-03 1.7927707178e-01
262                2.1519901859e+02 4.4803288370e-01 1.6517303622e+02 2.1254764155e+02 4.5256940212e-01 1.6499377833e+02 2.6513770336e+00 -4.5365184270e-03 1.7925788713e-01
263                2.1520117015e+02 4.4751351574e-01 1.6517335401e+02 2.1254975308e+02 4.5205038993e-01 1.6499411808e+02 2.6514170714e+00 -4.5368741899e-03 1.7923592699e-01
264                2.1520339947e+02 4.4696352400e-01 1.6517318563e+02 2.1255194652e+02 4.5150072127e-01 1.6499397483e+02 2.6514529487e+00 -4.5371972649e-03 1.7921080056e-01
265                2.1520449273e+02 4.4696662108e-01 1.6517281389e+02 2.1255301271e+02 4.5150334602e-01 1.6499362828e+02 2.6514800167e+00 -4.5367249446e-03 1.7918561253e-01
266                2.1520471057e+02 4.4709767365e-01 1.6517054420e+02 2.1255320865e+02 4.5163459327e-01 1.6499138824e+02 2.6515019205e+00 -4.5369196202e-03 1.7915595664e-01
267                2.1520521398e+02 4.4719851187e-01 1.6516883959e+02 2.1255369726e+02 4.5173509649e-01 1.6498971252e+02 2.6515167144e+00 -4.5365846182e-03 1.7912707340e-01
268                2.1520381469e+02 4.4711141152e-01 1.6516508896e+02 2.1255229101e+02 4.5164693479e-01 1.6498599360e+02 2.6515236883e+00 -4.5355232756e-03 1.7909535598e-01
269                2.1520231201e+02 4.4765704776e-01 1.6516206314e+02 2.1255079117e+02 4.5219043023e-01 1.6498299761e+02 2.6515208404e+00 -4.5333824641e-03 1.7906552971e-01
270                2.1519897326e+02 4.4767064759e-01 1.6515668683e+02 2.1254746498e+02 4.5220351317e-01 1.6497765313e+02 2.6515082759e+00 -4.5328655740e-03 1.7903369600e-01
271                2.1519655531e+02 4.4694702615e-01 1.6515088918e+02 2.1254506807e+02 4.5147950761e-01 1.6497188914e+02 2.6514872420e+00 -4.5324814578e-03 1.7900003910e-01
272                2.1519202156e+02 4.4661164975e-01 1.6514617836e+02 2.1254056652e+02 4.5114272422e-01 1.6496720600e+02 2.6514550440e+00 -4.5310744697e-03 1.7897236869e-01
273                2.1518567851e+02 4.4616711476e-01 1.6514030306e+02 2.1253426685e+02 4.5069929242e-01 1.6496135596e+02 2.6514116617e+00 -4.5321776568e-03 1.7894709629e-01
274                2.1518012788e+02 4.4564304290e-01 1.6513393592e+02 2.1252877252e+02 4.5017654174e-01 1.6495501200e+02 2.6513553599e+00 -4.5334988371e-03 1.7892391398e-01
275                2.1517361993e+02 4.4589337571e-01 1.6512832278e+02 2.1252233174e+02 4.5042691178e-01 1.6494941537e+02 2.6512881947e+00 -4.5335360748e-03 1.7890741159e-01
276                2.1516667882e+02 4.4564051590e-01 1.6512449727e+02 2.1251546132e+02 4.5017578166e-01 1.6494559684e+02 2.6512175015e+00 -4.5352657628e-03 1.7890043153e-01
277                2.1515862489e+02 4.4536262804e-01 1.6512116637e+02 2.1250749044e+02 4.4989772742e-01 1.6494226131e+02 2.6511344480e+00 -4.5350993820e-03 1.7890506783e-01
278                2.1514969979e+02 4.4497380487e-01 1.6511754566e+02 2.1249866504e+02 4.4950888168e-01 1.6493862656e+02 2.6510347509e+00 -4.5350768157e-03 1.7891909730e-01
279                2.1514225785e+02 4.4498051457e-01 1.6511360057e+02 2.1249132964e+02 4.4951533731e-01 1.6493466295e+02 2.6509282032e+00 -4.5348227456e-03 1.7893762033e-01
280                2.1513722881e+02 4.4566187187e-01 1.6511133072e+02 2.1248640196e+02 4.5019627079e-01 1.6493236913e+02 2.6508268478e+00 -4.5343989175e-03 1.7896159687e-01
281                2.1513255468e+02 4.4594253700e-01 1.6511078725e+02 2.1248181773e+02 4.5047669493e-01 1.6493179493e+02 2.6507369458e+00 -4.5341579348e-03 1.7899232555e-01
282                2.1512901629e+02 4.4601238563e-01 1.6511091099e+02 2.1247835597e+02 4.5054569131e-01 1.6493188425e+02 2.6506603276e+00 -4.5333056834e-03 1.7902674424e-01
283                2.1512794208e+02 4.4625401556e-01 1.6511063240e+02 2.1247734560e+02 4.5078636937e-01 1.6493157323e+02 2.6505964778e+00 -4.5323538017e-03 1.7905917114e-01
284                2.1512843211e+02 4.4691796272e-01 1.6511341033e+02 2.1247788258e+02 4.5144946563e-01 1.6493431502e+02 2.6505495292e+00 -4.5315029135e-03 1.7909530575e-01
285                2.1512832194e+02 4.4723007001e-01 1.6511541788e+02 2.1247779909e+02 4.5176183125e-01 1.6493629006e+02 2.6505228511e+00 -4.5317612444e-03 1.7912782058e-01
286                2.1513210711e+02 4.4814064051e-01 1.6511793197e+02 2.1248158803e+02 4.5267124726e-01 1.6493877853e+02 2.6505190822e+00 -4.5306067549e-03 1.7915344128e-01
287                2.1513623629e+02 4.4901138007e-01 1.6512208051e+02 2.1248570356e+02 4.5354154834e-01 1.6494290245e+02 2.6505327290e+00 -4.5301682719e-03 1.7917806126e-01
288                2.1514007527e+02 4.4949372919e-01 1.6512529239e+02 2.1248950743e+02 4.5402355786e-01 1.6494609746e+02 2.6505678392e+00 -4.5298286743e-03 1.7919492974e-01
289                2.1514643207e+02 4.5016302845e-01 1.6513012566e+02 2.1249581034e+02 4.5469188170e-01 1.6495091726e+02 2.6506217338e+00 -4.5288532563e-03 1.7920839492e-01
290                2.1515064864e+02 4.5095314928e-01 1.6513513135e+02 2.1249996784e+02 4.5548147474e-01 1.6495590883e+02 2.6506807984e+00 -4.5283254629e-03 1.7922252584e-01
291                2.1515615704e+02 4.5199299083e-01 1.6513917433e+02 2.1250540816e+02 4.5652074862e-01 1.6495994429e+02 2.6507488809e+00 -4.5277577923e-03 1.7923003368e-01
292                2.1516110979e+02 4.5161242684e-01 1.6514281150e+02 2.1251029579e+02 4.5614200549e-01 1.6496357629e+02 2.6508139951e+00 -4.5295786458e-03 1.7923520621e-01
293                2.1516715163e+02 4.5174714487e-01 1.6514794381e+02 2.1251626263e+02 4.5627550950e-01 1.6496870393e+02 2.6508890029e+00 -4.5283646338e-03 1.7923987976e-01
294                2.1517105652e+02 4.5135525128e-01 1.6515089953e+02 2.1252009807e+02 4.5588491817e-01 1.6497165838e+02 2.6509584528e+00 -4.5296668899e-03 1.7924114830e-01
295                2.1517625942e+02 4.5094905912e-01 1.6515357390e+02 2.1252523324e+02 4.5548005017e-01 1.6497433600e+02 2.6510261765e+00 -4.5309910475e-03 1.7923790598e-01
296                2.1518109963e+02 4.5092228276e-01 1.6515661758e+02 2.1253000793e+02 4.5545388901e-01 1.6497738309e+02 2.6510916982e+00 -4.5316062526e-03 1.7923448677e-01
297                2.1518494021e+02 4.5078541278e-01 1.6515918141e+02 2.1253378657e+02 4.5531753395e-01 1.6497995195e+02 2.6511536379e+00 -4.5321211677e-03 1.7922945739e-01
298                2.1518755155e+02 4.5041348416e-01 1.6515996907e+02 2.1253634572e+02 4.5494614246e-01 1.6498074852e+02 2.6512058304e+00 -4.5326583008e-03 1.7922055068e-01
299                2.1519135695e+02 4.5050727620e-01 1.6516201402e+02 2.1254010217e+02 4.5503910522e-01 1.6498280218e+02 2.6512547827e+00 -4.5318290186e-03 1.7921183777e-01
300                2.1519198984e+02 4.4996044972e-01 1.6516216956e+02 2.1254070103e+02 4.5449273838e-01 1.6498296758e+02 2.6512888076e+00 -4.5322886586e-03 1.7920197236e-01
