# Moment          
# CofR            : (-1.4000000000e+00 0.0000000000e+00 0.0000000000e+00)
#
# Time            	total_x total_y total_z	pressure_x pressure_y pressure_z	viscous_x viscous_y viscous_z
1                  -1.2317439521e-02 3.6101328930e+01 2.8331963074e-01 -1.0523175205e-02 3.5522353123e+01 2.9574627849e-01 -1.7942643157e-03 5.7897580669e-01 -1.2426647754e-02
2                  -6.6937063073e-02 7.1648840371e+01 6.9006144823e-01 -6.5669823720e-02 7.1061951092e+01 7.0298406382e-01 -1.2672393532e-03 5.8688927896e-01 -1.2922615583e-02
3                  -7.0229892905e-02 7.7656094728e+01 9.2267425274e-01 -6.9715766175e-02 7.7076740310e+01 9.3587138657e-01 -5.1412673000e-04 5.7935441769e-01 -1.3197133833e-02
4                  -2.7468237388e-02 6.0536014943e+01 1.3447196570e+00 -2.8427849713e-02 5.9983342225e+01 1.3560571305e+00 9.5961232530e-04 5.5267271815e-01 -1.1337473491e-02
5                  1.6288074229e-01 3.4063498649e+01 2.1872637137e+00 1.6096319498e-01 3.3545354223e+01 2.1989232495e+00 1.9175473106e-03 5.1814442526e-01 -1.1659535783e-02
6                  2.0489360307e-01 -4.5771644043e+00 2.5989277735e+00 2.0228633651e-01 -5.0488916268e+00 2.6114507751e+00 2.6072665587e-03 4.7172722253e-01 -1.2523001613e-02
7                  1.7530939317e-01 -4.8090756446e+01 2.7454865914e+00 1.7109072533e-01 -4.8506930287e+01 2.7565475791e+00 4.2186678420e-03 4.1617384101e-01 -1.1060987665e-02
8                  2.1380989652e-01 -8.7520551329e+01 2.6227185583e+00 2.0875863387e-01 -8.7857739962e+01 2.6347780798e+00 5.0512626452e-03 3.3718863277e-01 -1.2059521483e-02
9                  3.0720389483e-01 -1.2368497976e+02 2.1626810578e+00 3.0146210522e-01 -1.2397221776e+02 2.1730387680e+00 5.7417896120e-03 2.8723800342e-01 -1.0357710242e-02
10                 4.4349221576e-01 -1.5209692881e+02 1.2725665148e+00 4.3741157078e-01 -1.5235939110e+02 1.2841242217e+00 6.0806449808e-03 2.6246229006e-01 -1.1557706977e-02
11                 6.1943853189e-01 -1.6996143075e+02 3.3360772291e-01 6.1373532066e-01 -1.7023822368e+02 3.5083598251e-01 5.7032112328e-03 2.7679293437e-01 -1.7228259608e-02
12                 7.0045839352e-01 -1.7883863210e+02 -8.8290177060e-01 6.9600369975e-01 -1.7917158696e+02 -8.6810846391e-01 4.4546937727e-03 3.3295485666e-01 -1.4793306689e-02
13                 7.4549117651e-01 -1.8021201151e+02 -2.1034193410e+00 7.4186398630e-01 -1.8063952568e+02 -2.0861095879e+00 3.6271902119e-03 4.2751417512e-01 -1.7309753072e-02
14                 7.0077455968e-01 -1.7508989311e+02 -3.2964419569e+00 6.9727363412e-01 -1.7561627110e+02 -3.2792356082e+00 3.5009255592e-03 5.2637799280e-01 -1.7206348713e-02
15                 7.0830272183e-01 -1.6658669137e+02 -4.2991040052e+00 7.0462133318e-01 -1.6719498457e+02 -4.2818698699e+00 3.6813886477e-03 6.0829319970e-01 -1.7234135322e-02
16                 7.3217594437e-01 -1.5575314807e+02 -4.9743573596e+00 7.3221121168e-01 -1.5642966842e+02 -4.9578621825e+00 -3.5267315781e-05 6.7652035051e-01 -1.6495177034e-02
17                 7.9800327418e-01 -1.4427578028e+02 -5.3873418050e+00 7.9472109509e-01 -1.4498061294e+02 -5.3766927289e+00 3.2821790922e-03 7.0483265293e-01 -1.0649076126e-02
18                 9.0598072545e-01 -1.3308719048e+02 -5.7316371680e+00 9.0191959156e-01 -1.3377951906e+02 -5.7196471453e+00 4.0611338886e-03 6.9232858053e-01 -1.1990022695e-02
19                 9.5657303770e-01 -1.2338882284e+02 -5.9152841989e+00 9.5128466205e-01 -1.2405860433e+02 -5.9021266900e+00 5.2883756423e-03 6.6978148689e-01 -1.3157508941e-02
20                 9.2232153329e-01 -1.1630215537e+02 -5.6026322931e+00 9.1683811226e-01 -1.1694482535e+02 -5.5823222073e+00 5.4834210310e-03 6.4266997556e-01 -2.0310085794e-02
21                 8.6056741625e-01 -1.1168325552e+02 -4.7850310700e+00 8.5479091494e-01 -1.1233821702e+02 -4.7584478703e+00 5.7765013064e-03 6.5496150174e-01 -2.6583199641e-02
22                 8.3487073101e-01 -1.0956528472e+02 -4.1726919346e+00 8.2850043444e-01 -1.1023095956e+02 -4.1480769294e+00 6.3702965756e-03 6.6567483444e-01 -2.4615005164e-02
23                 7.8803646500e-01 -1.0958212623e+02 -3.6072807997e+00 7.8145522583e-01 -1.1026759050e+02 -3.5820887545e+00 6.5812391699e-03 6.8546426986e-01 -2.5192045164e-02
24                 7.8642435431e-01 -1.1110150155e+02 -3.1527546696e+00 7.8127674076e-01 -1.1180732968e+02 -3.1291575439e+00 5.1476135508e-03 7.0582812826e-01 -2.3597125732e-02
25                 6.6214733870e-01 -1.1374808934e+02 -2.7379262422e+00 6.5672258635e-01 -1.1447437283e+02 -2.7147841173e+00 5.4247523439e-03 7.2628349238e-01 -2.3142124876e-02
26                 5.7911734014e-01 -1.1691781934e+02 -2.4088627454e+00 5.7318531163e-01 -1.1765441629e+02 -2.3843050606e+00 5.9320285158e-03 7.3659695726e-01 -2.4557684846e-02
27                 4.7866444968e-01 -1.2027710444e+02 -2.1131453440e+00 4.7196500455e-01 -1.2101885222e+02 -2.0861630530e+00 6.6994451354e-03 7.4174778575e-01 -2.6982290968e-02
28                 3.3777008909e-01 -1.2339517042e+02 -1.7771347594e+00 3.3121640703e-01 -1.2414169309e+02 -1.7462840719e+00 6.5536820558e-03 7.4652267443e-01 -3.0850687472e-02
29                 1.8378210493e-01 -1.2587948033e+02 -1.5027627574e+00 1.7735011924e-01 -1.2663531109e+02 -1.4719163822e+00 6.4319856869e-03 7.5583075867e-01 -3.0846375145e-02
30                 3.8334238422e-02 -1.2757252936e+02 -1.2598538113e+00 3.1616474626e-02 -1.2833809742e+02 -1.2289626669e+00 6.7177637965e-03 7.6556806687e-01 -3.0891144389e-02
31                 -4.8822357283e-02 -1.2846315243e+02 -9.8057894608e-01 -5.5286929892e-02 -1.2924120839e+02 -9.4977749948e-01 6.4645726086e-03 7.7805595881e-01 -3.0801446602e-02
32                 -9.4171673568e-02 -1.2866014861e+02 -6.9421582759e-01 -1.0107633447e-01 -1.2945209071e+02 -6.6704441087e-01 6.9046609021e-03 7.9194209559e-01 -2.7171416724e-02
33                 -1.2059602644e-01 -1.2831227649e+02 -4.1151510808e-01 -1.2759244937e-01 -1.2911871373e+02 -3.8519030628e-01 6.9964229284e-03 8.0643723540e-01 -2.6324801803e-02
34                 -1.2878073179e-01 -1.2750884160e+02 -1.0485873052e-01 -1.3580347679e-01 -1.2833098026e+02 -7.9746502479e-02 7.0227449941e-03 8.2213865523e-01 -2.5112228039e-02
35                 -1.2426588728e-01 -1.2637362641e+02 2.2700534681e-01 -1.3073687730e-01 -1.2721337699e+02 2.5116150667e-01 6.4709900209e-03 8.3975058046e-01 -2.4156159860e-02
36                 -1.0396838621e-01 -1.2503277127e+02 5.3418551825e-01 -1.1018831900e-01 -1.2589051090e+02 5.5927564471e-01 6.2199327849e-03 8.5773963395e-01 -2.5090126466e-02
37                 -7.6783534512e-02 -1.2361274385e+02 8.8594340216e-01 -8.2971115391e-02 -1.2448724768e+02 9.1196596438e-01 6.1875808796e-03 8.7450383026e-01 -2.6022562220e-02
38                 -5.0867071486e-02 -1.2223803346e+02 1.2639348129e+00 -5.7171797945e-02 -1.2312801278e+02 1.2898624804e+00 6.3047264587e-03 8.8997932698e-01 -2.5927667493e-02
39                 -4.0402292885e-02 -1.2099311199e+02 1.6585166354e+00 -4.6644508692e-02 -1.2189665280e+02 1.6840451003e+00 6.2422158065e-03 9.0354081410e-01 -2.5528464929e-02
40                 -4.8586666311e-02 -1.1994429176e+02 2.0530953090e+00 -5.4851638323e-02 -1.2085927005e+02 2.0779805591e+00 6.2649720120e-03 9.1497829303e-01 -2.4885250099e-02
41                 -7.8252063754e-02 -1.1912743283e+02 2.4482514619e+00 -8.4496326836e-02 -1.2005117914e+02 2.4714903072e+00 6.2442630821e-03 9.2374630443e-01 -2.3238845266e-02
42                 -1.3417415350e-01 -1.1855398589e+02 2.8506285755e+00 -1.4032395477e-01 -1.1948390308e+02 2.8719897769e+00 6.1498012695e-03 9.2991719164e-01 -2.1361201394e-02
43                 -2.0736240316e-01 -1.1818272659e+02 3.2382858874e+00 -2.1341176907e-01 -1.1911682423e+02 3.2579859334e+00 6.0493659091e-03 9.3409764205e-01 -1.9700045958e-02
44                 -2.8341344777e-01 -1.1800760931e+02 3.5677946929e+00 -2.8931893548e-01 -1.1894414964e+02 3.5863251176e+00 5.9054877099e-03 9.3654033341e-01 -1.8530424663e-02
45                 -3.4438221265e-01 -1.1801850963e+02 3.7468637481e+00 -3.5012603475e-01 -1.1895596429e+02 3.7647186760e+00 5.7438220993e-03 9.3745465690e-01 -1.7854927973e-02
46                 -3.8127383408e-01 -1.1819040202e+02 3.7470613075e+00 -3.8690850260e-01 -1.1912757458e+02 3.7644456319e+00 5.6346685207e-03 9.3717255993e-01 -1.7384324487e-02
47                 -3.8712172961e-01 -1.1851494485e+02 3.5594301358e+00 -3.9281124930e-01 -1.1945097008e+02 3.5766539752e+00 5.6895196847e-03 9.3602523101e-01 -1.7223839402e-02
48                 -3.6025971531e-01 -1.1895959713e+02 3.2202486494e+00 -3.6617052464e-01 -1.1989398800e+02 3.2379622807e+00 5.9108093227e-03 9.3439086624e-01 -1.7713631245e-02
49                 -3.0269409475e-01 -1.1948947247e+02 2.7656828591e+00 -3.0894194445e-01 -1.2042213577e+02 2.7841012813e+00 6.2478496927e-03 9.3266330153e-01 -1.8418422224e-02
50                 -2.3057351758e-01 -1.2007495969e+02 2.2663489366e+00 -2.3735419552e-01 -1.2100642851e+02 2.2856256828e+00 6.7806779354e-03 9.3146881933e-01 -1.9276746210e-02
51                 -1.6023359287e-01 -1.2064915967e+02 1.8163924466e+00 -1.6739220775e-01 -1.2158000908e+02 1.8367208278e+00 7.1586148716e-03 9.3084940895e-01 -2.0328381195e-02
52                 -9.9147378208e-02 -1.2113596983e+02 1.4512173281e+00 -1.0658201947e-01 -1.2206705394e+02 1.4727473837e+00 7.4346412582e-03 9.3108411046e-01 -2.1530055642e-02
53                 -5.2266206877e-02 -1.2149508771e+02 1.1864215783e+00 -5.9774617996e-02 -1.2242723974e+02 1.2090436237e+00 7.5084111197e-03 9.3215203119e-01 -2.2622045380e-02
54                 -1.6776089515e-02 -1.2171368904e+02 1.0056029695e+00 -2.4257611769e-02 -1.2264783350e+02 1.0287453636e+00 7.4815222534e-03 9.3414446494e-01 -2.3142394090e-02
55                 7.6169153988e-03 -1.2180546752e+02 8.9194288384e-01 2.5787758153e-04 -1.2274191875e+02 9.1531759929e-01 7.3590378172e-03 9.3645122778e-01 -2.3374715450e-02
56                 1.9530223780e-02 -1.2179287923e+02 8.2931601790e-01 1.2413098046e-02 -1.2273129810e+02 8.5265537265e-01 7.1171257347e-03 9.3841887019e-01 -2.3339354746e-02
57                 1.9573190201e-02 -1.2170284845e+02 8.0423820605e-01 1.2792986179e-02 -1.2264270700e+02 8.2750497985e-01 6.7802040226e-03 9.3985855355e-01 -2.3266773806e-02
58                 9.5856365077e-03 -1.2156371834e+02 8.1578665073e-01 3.1477461339e-03 -1.2250459696e+02 8.3915441425e-01 6.4378903738e-03 9.4087862331e-01 -2.3367763516e-02
59                 -7.8419671542e-03 -1.2139648642e+02 8.6706999194e-01 -1.4001867471e-02 -1.2233796313e+02 8.9056911566e-01 6.1599003170e-03 9.4147670784e-01 -2.3499123718e-02
60                 -2.7403521888e-02 -1.2122487582e+02 9.3531947311e-01 -3.3374822984e-02 -1.2216661707e+02 9.5884813495e-01 5.9713010961e-03 9.4174125219e-01 -2.3528661835e-02
61                 -4.6415613191e-02 -1.2105510595e+02 1.0050758157e+00 -5.2211884626e-02 -1.2199708213e+02 1.0286177476e+00 5.7962714349e-03 9.4197617821e-01 -2.3541931982e-02
62                 -6.4078092635e-02 -1.2089931804e+02 1.0681838825e+00 -6.9751502039e-02 -1.2184161909e+02 1.0916927392e+00 5.6734094034e-03 9.4230104671e-01 -2.3508856629e-02
63                 -8.0355931916e-02 -1.2075382716e+02 1.1210576916e+00 -8.5936794203e-02 -1.2169658086e+02 1.1446007546e+00 5.5808622869e-03 9.4275370302e-01 -2.3543062988e-02
64                 -9.4395173825e-02 -1.2062304319e+02 1.1716978067e+00 -9.9934597484e-02 -1.2156649811e+02 1.1952740668e+00 5.5394236592e-03 9.4345491854e-01 -2.3576260040e-02
65                 -1.0608770248e-01 -1.2050417556e+02 1.2223417591e+00 -1.1158901598e-01 -1.2144869152e+02 1.2459459239e+00 5.5013135001e-03 9.4451596082e-01 -2.3604164860e-02
66                 -1.1694887809e-01 -1.2040410188e+02 1.2732805178e+00 -1.2244514348e-01 -1.2135004703e+02 1.2968741067e+00 5.4962653929e-03 9.4594514350e-01 -2.3593588881e-02
67                 -1.2700356614e-01 -1.2031532489e+02 1.3238040979e+00 -1.3253178939e-01 -1.2126301213e+02 1.3473774930e+00 5.5282232499e-03 9.4768724672e-01 -2.3573395075e-02
68                 -1.3720641779e-01 -1.2022797066e+02 1.3704403503e+00 -1.4276670757e-01 -1.2117763560e+02 1.3939351436e+00 5.5602897798e-03 9.4966494000e-01 -2.3494793308e-02
69                 -1.4548096902e-01 -1.2013714196e+02 1.4086040633e+00 -1.5106233728e-01 -1.2108891553e+02 1.4319854278e+00 5.5813682563e-03 9.5177357233e-01 -2.3381364471e-02
70                 -1.5232091404e-01 -1.2004044573e+02 1.4394745112e+00 -1.5791854959e-01 -1.2099439181e+02 1.4626445708e+00 5.5976355486e-03 9.5394607984e-01 -2.3170059571e-02
71                 -1.5379695639e-01 -1.1993300883e+02 1.4588111411e+00 -1.5941851379e-01 -1.2088917225e+02 1.4817211294e+00 5.6215573956e-03 9.5616342350e-01 -2.2909988287e-02
72                 -1.4998324588e-01 -1.1981549569e+02 1.4586095504e+00 -1.5564869287e-01 -1.2077385269e+02 1.4812631761e+00 5.6654469899e-03 9.5835699859e-01 -2.2653625709e-02
73                 -1.3900974938e-01 -1.1969955170e+02 1.4433817387e+00 -1.4472040432e-01 -1.2066003395e+02 1.4657685568e+00 5.7106549435e-03 9.6048225867e-01 -2.2386818108e-02
74                 -1.2197234728e-01 -1.1957859526e+02 1.4088619536e+00 -1.2772809940e-01 -1.2054105351e+02 1.4309915920e+00 5.7557521266e-03 9.6245825469e-01 -2.2129638408e-02
75                 -1.0178784103e-01 -1.1944672722e+02 1.3553003823e+00 -1.0757599141e-01 -1.2041101618e+02 1.3772446999e+00 5.7881503840e-03 9.6428896550e-01 -2.1944317586e-02
76                 -7.8360004633e-02 -1.1931104147e+02 1.2885770707e+00 -8.4229002232e-02 -1.2027698320e+02 1.3104457598e+00 5.8689975985e-03 9.6594173616e-01 -2.1868689107e-02
77                 -5.4508647307e-02 -1.1918505033e+02 1.2151732960e+00 -6.0506755270e-02 -1.2015236778e+02 1.2370099400e+00 5.9981079634e-03 9.6731744980e-01 -2.1836643977e-02
78                 -2.8594961602e-02 -1.1907282984e+02 1.1376954625e+00 -3.4770361117e-02 -1.2004115494e+02 1.1594148926e+00 6.1753995155e-03 9.6832510027e-01 -2.1719430111e-02
79                 -1.9692589953e-03 -1.1898252600e+02 1.0645877788e+00 -8.3675127819e-03 -1.1995141444e+02 1.0860914840e+00 6.3982537867e-03 9.6888843349e-01 -2.1503705239e-02
80                 2.4272341309e-02 -1.1892548450e+02 9.9871376286e-01 1.7614255370e-02 -1.1989445299e+02 1.0199740881e+00 6.6580859388e-03 9.6896848579e-01 -2.1260325240e-02
81                 4.9069631917e-02 -1.1890753933e+02 9.4030762791e-01 4.2153923853e-02 -1.1987613144e+02 9.6136906202e-01 6.9157080635e-03 9.6859210909e-01 -2.1061434111e-02
82                 7.1529507522e-02 -1.1893169034e+02 8.8564666470e-01 6.4384679999e-02 -1.1989942867e+02 9.0650991403e-01 7.1448275229e-03 9.6773833107e-01 -2.0863249332e-02
83                 9.0463971636e-02 -1.1900532529e+02 8.3989850489e-01 8.3124072267e-02 -1.1997171922e+02 8.6053626098e-01 7.3398993686e-03 9.6639393370e-01 -2.0637756088e-02
84                 1.0466585414e-01 -1.1913168542e+02 8.0165015512e-01 9.7165019348e-02 -1.2009629242e+02 8.2208276785e-01 7.5008347889e-03 9.6460700022e-01 -2.0432612730e-02
85                 1.1377190805e-01 -1.1930934357e+02 7.7374118674e-01 1.0616602978e-01 -1.2027178748e+02 7.9400186667e-01 7.6058782762e-03 9.6244391069e-01 -2.0260679929e-02
86                 1.1833390667e-01 -1.1954148914e+02 7.5426734088e-01 1.1068593015e-01 -1.2050146976e+02 7.7443475968e-01 7.6479765288e-03 9.5998061922e-01 -2.0167418796e-02
87                 1.2046839090e-01 -1.1982416334e+02 7.4103330236e-01 1.1283436009e-01 -1.2078147172e+02 7.6121054868e-01 7.6340308144e-03 9.5730837949e-01 -2.0177246312e-02
88                 1.2122880136e-01 -1.2014772807e+02 7.3008032434e-01 1.1364331921e-01 -1.2110224939e+02 7.5035932186e-01 7.5854821507e-03 9.5452132266e-01 -2.0278997528e-02
89                 1.2141269178e-01 -1.2049624685e+02 7.2350247387e-01 1.1389512763e-01 -1.2144797941e+02 7.4390498269e-01 7.5175641510e-03 9.5173256416e-01 -2.0402508815e-02
90                 1.2173058976e-01 -1.2085148955e+02 7.2068490965e-01 1.1427008540e-01 -1.2180054567e+02 7.4115262373e-01 7.4605043671e-03 9.4905611828e-01 -2.0467714080e-02
91                 1.2174079277e-01 -1.2118780972e+02 7.2358955976e-01 1.1432233667e-01 -1.2213443103e+02 7.4406835148e-01 7.4184560967e-03 9.4662130872e-01 -2.0478791726e-02
92                 1.2099070021e-01 -1.2149223942e+02 7.2930551314e-01 1.1360239310e-01 -1.2243673721e+02 7.4977973100e-01 7.3883071064e-03 9.4449778564e-01 -2.0474217854e-02
93                 1.1916352831e-01 -1.2175105980e+02 7.3860432003e-01 1.1178785611e-01 -1.2269381036e+02 7.5912344246e-01 7.3756722037e-03 9.4275055854e-01 -2.0519122428e-02
94                 1.1597029163e-01 -1.2195869222e+02 7.5621850820e-01 1.0860200467e-01 -1.2290008571e+02 7.7683797487e-01 7.3682869570e-03 9.4139348989e-01 -2.0619466664e-02
95                 1.1216721578e-01 -1.2211504866e+02 7.8147439696e-01 1.0481600870e-01 -1.2305548058e+02 8.0216881492e-01 7.3512070754e-03 9.4043192275e-01 -2.0694417957e-02
96                 1.0833007402e-01 -1.2222139207e+02 8.1281793960e-01 1.0099635328e-01 -1.2316124647e+02 8.3355070087e-01 7.3337207375e-03 9.3985440264e-01 -2.0732761270e-02
97                 1.0454310568e-01 -1.2228373727e+02 8.4715031246e-01 9.7229976075e-02 -1.2322334173e+02 8.6786722427e-01 7.3131296063e-03 9.3960446011e-01 -2.0716911806e-02
98                 1.0098727287e-01 -1.2231345867e+02 8.7946342322e-01 9.3696659390e-02 -1.2325305328e+02 9.0015964337e-01 7.2906134810e-03 9.3959460518e-01 -2.0696220158e-02
99                 9.7897415265e-02 -1.2232347466e+02 9.0747447350e-01 9.0634923060e-02 -1.2326320006e+02 9.2815174824e-01 7.2624922046e-03 9.3972540328e-01 -2.0677274744e-02
100                9.5289457359e-02 -1.2231613531e+02 9.2848674145e-01 8.8063939243e-02 -1.2325606715e+02 9.4916025236e-01 7.2255181164e-03 9.3993184163e-01 -2.0673510909e-02
101                9.2532014437e-02 -1.2230669232e+02 9.4477728866e-01 8.5354308682e-02 -1.2324683735e+02 9.6543593614e-01 7.1777057558e-03 9.4014503290e-01 -2.0658647481e-02
102                8.9289277307e-02 -1.2229239225e+02 9.5437013121e-01 8.2154398646e-02 -1.2323274659e+02 9.7502100089e-01 7.1348786607e-03 9.4035433655e-01 -2.0650869680e-02
103                8.6554388579e-02 -1.2226847417e+02 9.5684720216e-01 7.9448213060e-02 -1.2320904219e+02 9.7751499147e-01 7.1061755188e-03 9.4056802316e-01 -2.0667789304e-02
104                8.1669760996e-02 -1.2223439594e+02 9.5318009020e-01 7.4574300914e-02 -1.2317519642e+02 9.7389412140e-01 7.0954600822e-03 9.4080048044e-01 -2.0714031198e-02
105                7.6705931892e-02 -1.2219231405e+02 9.4356190315e-01 6.9576785275e-02 -1.2313335765e+02 9.6435101214e-01 7.1291466172e-03 9.4104359884e-01 -2.0789108994e-02
106                7.1346662605e-02 -1.2213876756e+02 9.2534471184e-01 6.4166510515e-02 -1.2308008831e+02 9.4623821806e-01 7.1801520898e-03 9.4132075124e-01 -2.0893506223e-02
107                6.7044802990e-02 -1.2207417283e+02 9.0379220754e-01 5.9835622153e-02 -1.2301581946e+02 9.2479162658e-01 7.2091808377e-03 9.4164662305e-01 -2.0999419046e-02
108                6.5294472541e-02 -1.2200289938e+02 8.8030830800e-01 5.8071381675e-02 -1.2294490462e+02 9.0141611231e-01 7.2230908662e-03 9.4200524871e-01 -2.1107804305e-02
109                6.5240520637e-02 -1.2191755068e+02 8.5171833716e-01 5.8034961855e-02 -1.2285996280e+02 8.7293730114e-01 7.2055587818e-03 9.4241211980e-01 -2.1218963978e-02
110                6.7721168850e-02 -1.2182043018e+02 8.2781390042e-01 6.0541184899e-02 -1.2276327487e+02 8.4912427441e-01 7.1799839510e-03 9.4284469677e-01 -2.1310373989e-02
111                7.0441628845e-02 -1.2171343965e+02 8.0293606877e-01 6.3297129620e-02 -1.2265670062e+02 8.2432843143e-01 7.1444992250e-03 9.4326096972e-01 -2.1392362661e-02
112                7.4130672179e-02 -1.2158907472e+02 7.8101880906e-01 6.7015256978e-02 -1.2253275173e+02 8.0246079829e-01 7.1154152013e-03 9.4367701072e-01 -2.1441989237e-02
113                7.7005744675e-02 -1.2145088544e+02 7.6348832657e-01 6.9918645019e-02 -1.2239495976e+02 7.8496862425e-01 7.0870996561e-03 9.4407432729e-01 -2.1480297683e-02
114                7.9635312462e-02 -1.2130676365e+02 7.5245431801e-01 7.2579062473e-02 -1.2225119739e+02 7.7395111086e-01 7.0562499899e-03 9.4443374293e-01 -2.1496792853e-02
115                8.1843102672e-02 -1.2116171986e+02 7.4608813805e-01 7.4820428861e-02 -1.2210645956e+02 7.6758657434e-01 7.0226738117e-03 9.4473969131e-01 -2.1498436289e-02
116                8.3252172330e-02 -1.2102663037e+02 7.4390734859e-01 7.6258614503e-02 -1.2197159327e+02 7.6539636781e-01 6.9935578272e-03 9.4496290671e-01 -2.1489019223e-02
117                8.3976416593e-02 -1.2091381610e+02 7.4695199507e-01 7.7007453599e-02 -1.2185889351e+02 7.6840447249e-01 6.9689629941e-03 9.4507741779e-01 -2.1452477420e-02
118                8.4130098292e-02 -1.2082383154e+02 7.5237461124e-01 7.7179429054e-02 -1.2176890410e+02 7.7378201046e-01 6.9506692378e-03 9.4507256287e-01 -2.1407399222e-02
119                8.3071967529e-02 -1.2076927985e+02 7.6441838582e-01 7.6134107536e-02 -1.2171419997e+02 7.8576186941e-01 6.9378599932e-03 9.4492012189e-01 -2.1343483584e-02
120                8.1152747586e-02 -1.2075370758e+02 7.8012571079e-01 7.4220869019e-02 -1.2169830090e+02 8.0139183333e-01 6.9318785664e-03 9.4459331857e-01 -2.1266122545e-02
121                7.9157341966e-02 -1.2077876295e+02 7.9857892490e-01 7.2222610520e-02 -1.2172285889e+02 8.1975178671e-01 6.9347314460e-03 9.4409593988e-01 -2.1172861810e-02
122                7.6652824043e-02 -1.2084731760e+02 8.1792568376e-01 6.9707249835e-02 -1.2179074903e+02 8.3900121664e-01 6.9455742083e-03 9.4343142971e-01 -2.1075532875e-02
123                7.4475194617e-02 -1.2095952787e+02 8.3800627922e-01 6.7511245907e-02 -1.2190213731e+02 8.5897893080e-01 6.9639487096e-03 9.4260944207e-01 -2.0972651573e-02
124                7.2701931372e-02 -1.2110821440e+02 8.5626657762e-01 6.5714902299e-02 -1.2204986817e+02 8.7714489671e-01 6.9870290733e-03 9.4165377041e-01 -2.0878319092e-02
125                7.1660979765e-02 -1.2128382488e+02 8.7269506379e-01 6.4646515539e-02 -1.2222442529e+02 8.9349273222e-01 7.0144642257e-03 9.4060040878e-01 -2.0797668428e-02
126                7.0628677686e-02 -1.2147292148e+02 8.8557577323e-01 6.3586245892e-02 -1.2241242935e+02 9.0630879355e-01 7.0424317946e-03 9.3950786293e-01 -2.0733020325e-02
127                6.9853357905e-02 -1.2167282644e+02 8.9368656637e-01 6.2784425852e-02 -1.2261124123e+02 9.1436779189e-01 7.0689320527e-03 9.3841479146e-01 -2.0681225524e-02
128                6.9642462559e-02 -1.2186232978e+02 8.9410540012e-01 6.2550690561e-02 -1.2279973141e+02 9.1475478225e-01 7.0917719984e-03 9.3740163762e-01 -2.0649382130e-02
129                7.0681815556e-02 -1.2204052719e+02 8.9334256592e-01 6.3568807797e-02 -1.2297704563e+02 9.1396814485e-01 7.1130077591e-03 9.3651843523e-01 -2.0625578931e-02
130                7.1906488415e-02 -1.2219609024e+02 8.9051622051e-01 6.4773879410e-02 -1.2313190615e+02 9.1112354216e-01 7.1326090050e-03 9.3581591358e-01 -2.0607321647e-02
131                7.3996459168e-02 -1.2232914974e+02 8.8449032679e-01 6.6845360935e-02 -1.2326447700e+02 9.0507759064e-01 7.1510982333e-03 9.3532725498e-01 -2.0587263852e-02
132                7.6117516904e-02 -1.2243321793e+02 8.7632902203e-01 6.8950451961e-02 -1.2336829098e+02 8.9689827658e-01 7.1670649429e-03 9.3507305548e-01 -2.0569254546e-02
133                7.9525989613e-02 -1.2251176272e+02 8.6549879370e-01 7.2343985977e-02 -1.2344681732e+02 8.8604915225e-01 7.1820036355e-03 9.3505459492e-01 -2.0550358551e-02
134                8.2903122183e-02 -1.2255781701e+02 8.5613612176e-01 7.5706723459e-02 -1.2349309961e+02 8.7666439849e-01 7.1963987242e-03 9.3528260072e-01 -2.0528276725e-02
135                8.6887824501e-02 -1.2257842106e+02 8.4577856759e-01 7.9679459922e-02 -1.2351415393e+02 8.6628577963e-01 7.2083645796e-03 9.3573287133e-01 -2.0507212043e-02
136                9.0104446737e-02 -1.2257344664e+02 8.3784410716e-01 8.2886534340e-02 -1.2350983983e+02 8.5833207031e-01 7.2179123964e-03 9.3639318680e-01 -2.0487963147e-02
137                9.3403835173e-02 -1.2255080232e+02 8.3047154689e-01 8.6179836340e-02 -1.2348801639e+02 8.5094647427e-01 7.2239988330e-03 9.3721406776e-01 -2.0474927381e-02
138                9.5373138561e-02 -1.2251364452e+02 8.2791988929e-01 8.8146177858e-02 -1.2345178402e+02 8.4838480084e-01 7.2269607033e-03 9.3813949551e-01 -2.0464911556e-02
139                9.6791682217e-02 -1.2246907520e+02 8.2766522757e-01 8.9564671352e-02 -1.2340816765e+02 8.4812214114e-01 7.2270108649e-03 9.3909245298e-01 -2.0456913572e-02
140                9.6991251692e-02 -1.2241767229e+02 8.3304076904e-01 8.9765980320e-02 -1.2335768319e+02 8.5348541196e-01 7.2252713723e-03 9.4001089979e-01 -2.0444642915e-02
141                9.7474048392e-02 -1.2235599755e+02 8.4031419113e-01 9.0249145909e-02 -1.2329684972e+02 8.6075591520e-01 7.2249024826e-03 9.4085217117e-01 -2.0441724070e-02
142                9.7209692995e-02 -1.2229063546e+02 8.5332385138e-01 8.9982967845e-02 -1.2323220417e+02 8.7376832447e-01 7.2267251494e-03 9.4156871426e-01 -2.0444473089e-02
143                9.7054513022e-02 -1.2221487726e+02 8.6687540704e-01 8.9824172988e-02 -1.2315703417e+02 8.8733307848e-01 7.2303400342e-03 9.4215691156e-01 -2.0457671444e-02
144                9.5805055738e-02 -1.2213910746e+02 8.8334388353e-01 8.8572517874e-02 -1.2308170761e+02 9.0381028148e-01 7.2325378634e-03 9.4260015045e-01 -2.0466397943e-02
145                9.5304651530e-02 -1.2206562043e+02 9.0169229149e-01 8.8069397474e-02 -1.2300852435e+02 9.2215559119e-01 7.2352540557e-03 9.4290391755e-01 -2.0463299702e-02
146                9.3488999769e-02 -1.2199457860e+02 9.1678456552e-01 8.6255857594e-02 -1.2293766039e+02 9.3724712930e-01 7.2331421755e-03 9.4308178293e-01 -2.0462563781e-02
147                9.1088018177e-02 -1.2193286234e+02 9.3425874198e-01 8.3861447078e-02 -1.2287600093e+02 9.5470801371e-01 7.2265710995e-03 9.4313858685e-01 -2.0449271724e-02
148                8.8701262260e-02 -1.2188057415e+02 9.5166724045e-01 8.1481980949e-02 -1.2282365406e+02 9.7210875221e-01 7.2192813103e-03 9.4307990232e-01 -2.0441511761e-02
149                8.6166088675e-02 -1.2183592690e+02 9.6781455860e-01 7.8955946333e-02 -1.2277884711e+02 9.8824809621e-01 7.2101423417e-03 9.4292021212e-01 -2.0433537612e-02
150                8.3225282735e-02 -1.2179223953e+02 9.8256312190e-01 7.6027257679e-02 -1.2273492869e+02 1.0029896656e+00 7.1980250558e-03 9.4268915914e-01 -2.0426543705e-02
151                8.0197201844e-02 -1.2175385871e+02 9.9685992143e-01 7.3012486296e-02 -1.2269625529e+02 1.0172785606e+00 7.1847155481e-03 9.4239657768e-01 -2.0418639207e-02
152                7.7047619523e-02 -1.2171979334e+02 1.0099414410e+00 6.9876749627e-02 -1.2266185404e+02 1.0303553776e+00 7.1708698957e-03 9.4206069976e-01 -2.0413936515e-02
153                7.4093522541e-02 -1.2168688276e+02 1.0198708687e+00 6.6935732360e-02 -1.2262858101e+02 1.0402856433e+00 7.1577901814e-03 9.4169825173e-01 -2.0414774613e-02
154                7.1459124832e-02 -1.2165324903e+02 1.0299035302e+00 6.4314820853e-02 -1.2259458360e+02 1.0503088183e+00 7.1443039791e-03 9.4133456655e-01 -2.0405288139e-02
155                6.8976416742e-02 -1.2162824641e+02 1.0411607650e+00 6.1847618138e-02 -1.2256919887e+02 1.0615429395e+00 7.1287986042e-03 9.4095245556e-01 -2.0382174457e-02
156                6.6450270588e-02 -1.2160269968e+02 1.0504063835e+00 5.9339233380e-02 -1.2254328411e+02 1.0707642536e+00 7.1110372073e-03 9.4058442936e-01 -2.0357870080e-02
157                6.3822799521e-02 -1.2158016176e+02 1.0586057583e+00 5.6730073242e-02 -1.2252040210e+02 1.0789347547e+00 7.0927262798e-03 9.4024033988e-01 -2.0328996320e-02
158                6.1396444633e-02 -1.2156631760e+02 1.0634412694e+00 5.4318140352e-02 -1.2250623807e+02 1.0837515976e+00 7.0783042807e-03 9.3992046953e-01 -2.0310328228e-02
159                5.9330779515e-02 -1.2156156249e+02 1.0671657951e+00 5.2264254279e-02 -1.2250121165e+02 1.0874673957e+00 7.0665252361e-03 9.3964916868e-01 -2.0301600607e-02
160                5.8010687483e-02 -1.2157279700e+02 1.0690106952e+00 5.0950317815e-02 -1.2251220413e+02 1.0893109154e+00 7.0603696676e-03 9.3940712713e-01 -2.0300220186e-02
161                5.7958842663e-02 -1.2159208400e+02 1.0681358572e+00 5.0898138123e-02 -1.2253129639e+02 1.0884403225e+00 7.0607045398e-03 9.3921238671e-01 -2.0304465238e-02
162                5.8275731972e-02 -1.2162770343e+02 1.0681962004e+00 5.1211314811e-02 -1.2256675547e+02 1.0885003502e+00 7.0644171616e-03 9.3905204378e-01 -2.0304149816e-02
163                5.9041860966e-02 -1.2167389942e+02 1.0668373131e+00 5.1971933693e-02 -1.2261282051e+02 1.0871422844e+00 7.0699272730e-03 9.3892108707e-01 -2.0304971223e-02
164                5.9562844411e-02 -1.2172730916e+02 1.0618771825e+00 5.2488023029e-02 -1.2266613079e+02 1.0821876737e+00 7.0748213820e-03 9.3882162906e-01 -2.0310491139e-02
165                6.0076527127e-02 -1.2178467840e+02 1.0585112175e+00 5.2997298591e-02 -1.2272343731e+02 1.0788170011e+00 7.0792285362e-03 9.3875890997e-01 -2.0305783533e-02
166                6.1551575201e-02 -1.2184681701e+02 1.0544860366e+00 5.4462862878e-02 -1.2278552580e+02 1.0747852661e+00 7.0887123229e-03 9.3870879197e-01 -2.0299229427e-02
167                6.2629061195e-02 -1.2190857514e+02 1.0488185127e+00 5.5528507051e-02 -1.2284726195e+02 1.0691046638e+00 7.1005541441e-03 9.3868680612e-01 -2.0286151091e-02
168                6.4389384863e-02 -1.2196394859e+02 1.0365582803e+00 5.7276885913e-02 -1.2290263614e+02 1.0568324396e+00 7.1124989499e-03 9.3868755086e-01 -2.0274159278e-02
169                6.6499822452e-02 -1.2201891945e+02 1.0246800851e+00 5.9375450241e-02 -1.2295762234e+02 1.0449418381e+00 7.1243722105e-03 9.3870289185e-01 -2.0261752942e-02
170                6.8908232369e-02 -1.2206880909e+02 1.0099513374e+00 6.1771461529e-02 -1.2300754246e+02 1.0302126683e+00 7.1367708399e-03 9.3873336903e-01 -2.0261330873e-02
171                7.1374833162e-02 -1.2211067331e+02 9.9153234444e-01 6.4226241720e-02 -1.2304945994e+02 1.0118069132e+00 7.1485914419e-03 9.3878663638e-01 -2.0274568797e-02
172                7.3852581817e-02 -1.2214360023e+02 9.7295839843e-01 6.6693483821e-02 -1.2308247554e+02 9.9325411149e-01 7.1590979965e-03 9.3887531205e-01 -2.0295713062e-02
173                7.6339193641e-02 -1.2216676968e+02 9.5309655226e-01 6.9171986686e-02 -1.2310577572e+02 9.7342446158e-01 7.1672069555e-03 9.3900603942e-01 -2.0327909326e-02
174                7.8613452923e-02 -1.2218130670e+02 9.3592676247e-01 7.1438811399e-02 -1.2312049176e+02 9.5628533877e-01 7.1746415239e-03 9.3918506198e-01 -2.0358576301e-02
175                8.0762977213e-02 -1.2219110850e+02 9.2064379410e-01 7.3580471690e-02 -1.2313049923e+02 9.4103159548e-01 7.1825055233e-03 9.3939072879e-01 -2.0387801378e-02
176                8.3267661712e-02 -1.2218660464e+02 9.0500482953e-01 7.6076408841e-02 -1.2312624365e+02 9.2542409291e-01 7.1912528706e-03 9.3963900596e-01 -2.0419263378e-02
177                8.5267968394e-02 -1.2217671322e+02 8.9415518566e-01 7.8067439304e-02 -1.2311662999e+02 9.1459537630e-01 7.2005290900e-03 9.3991676921e-01 -2.0440190636e-02
178                8.6847851640e-02 -1.2215503055e+02 8.8586417957e-01 7.9637972337e-02 -1.2309525435e+02 9.0631713189e-01 7.2098793027e-03 9.4022379693e-01 -2.0452952327e-02
179                8.8026302002e-02 -1.2212557199e+02 8.7702170106e-01 8.0808483043e-02 -1.2306612363e+02 8.9748609179e-01 7.2178189589e-03 9.4055163474e-01 -2.0464390731e-02
180                8.8516927942e-02 -1.2209036103e+02 8.7182335985e-01 8.1291887695e-02 -1.2303125002e+02 8.9229462370e-01 7.2250402464e-03 9.4088898767e-01 -2.0471263849e-02
181                8.8587670417e-02 -1.2204777771e+02 8.6736279650e-01 8.1358478045e-02 -1.2298900153e+02 8.8784580283e-01 7.2291923720e-03 9.4122382088e-01 -2.0483006324e-02
182                8.8097398113e-02 -1.2200048049e+02 8.6380844135e-01 8.0868003641e-02 -1.2294203371e+02 8.8430490884e-01 7.2293944726e-03 9.4155321724e-01 -2.0496467487e-02
183                8.7926055490e-02 -1.2195132355e+02 8.6264937032e-01 8.0697391604e-02 -1.2289318273e+02 8.8315905632e-01 7.2286638863e-03 9.4185918378e-01 -2.0509685996e-02
184                8.6924940708e-02 -1.2190211803e+02 8.6366646808e-01 7.9698533847e-02 -1.2284424790e+02 8.8419214480e-01 7.2264068611e-03 9.4212987042e-01 -2.0525676728e-02
185                8.5894417087e-02 -1.2185233122e+02 8.6410939330e-01 7.8672251349e-02 -1.2279469519e+02 8.8464852318e-01 7.2221657375e-03 9.4236396189e-01 -2.0539129883e-02
186                8.5313244647e-02 -1.2180354005e+02 8.6723108581e-01 7.8094181287e-02 -1.2274609847e+02 8.8777999343e-01 7.2190633606e-03 9.4255841456e-01 -2.0548907622e-02
187                8.3767327993e-02 -1.2176118458e+02 8.7157240604e-01 7.6553420889e-02 -1.2270389169e+02 8.9212678997e-01 7.2139071043e-03 9.4270710936e-01 -2.0554383924e-02
188                8.2523254414e-02 -1.2172849796e+02 8.7869006191e-01 7.5315333894e-02 -1.2267128837e+02 8.9924088909e-01 7.2079205198e-03 9.4279041116e-01 -2.0550827176e-02
189                8.1791789859e-02 -1.2169967941e+02 8.8652354812e-01 7.4587365745e-02 -1.2264249441e+02 9.0707301278e-01 7.2044241136e-03 9.4281500427e-01 -2.0549464656e-02
190                8.0016409820e-02 -1.2167771575e+02 8.9354986336e-01 7.2817627532e-02 -1.2262049192e+02 9.1409342010e-01 7.1987822883e-03 9.4277617035e-01 -2.0543556749e-02
191                7.8620371884e-02 -1.2165813165e+02 8.9740804954e-01 7.1429329881e-02 -1.2260082317e+02 9.1794699163e-01 7.1910420029e-03 9.4269151787e-01 -2.0538942088e-02
192                7.7164111483e-02 -1.2164170959e+02 9.0125518499e-01 6.9981535674e-02 -1.2258428798e+02 9.2179477789e-01 7.1825758092e-03 9.4257839234e-01 -2.0539592893e-02
193                7.5698711106e-02 -1.2163537823e+02 9.0554216621e-01 6.8524888835e-02 -1.2257780158e+02 9.2608361666e-01 7.1738222702e-03 9.4242335308e-01 -2.0541450451e-02
194                7.4482540153e-02 -1.2163450327e+02 9.1073266853e-01 6.7315856652e-02 -1.2257674437e+02 9.3127539644e-01 7.1666835014e-03 9.4224109745e-01 -2.0542727912e-02
195                7.3402838052e-02 -1.2163453181e+02 9.1420818574e-01 6.6243223587e-02 -1.2257656919e+02 9.3475740507e-01 7.1596144648e-03 9.4203738668e-01 -2.0549219327e-02
196                7.2280421581e-02 -1.2163582878e+02 9.1651612423e-01 6.5128070808e-02 -1.2257766270e+02 9.3706745431e-01 7.1523507726e-03 9.4183392143e-01 -2.0551330084e-02
197                7.1139619750e-02 -1.2163792069e+02 9.2024034264e-01 6.3994608308e-02 -1.2257957060e+02 9.4078174191e-01 7.1450114426e-03 9.4164991300e-01 -2.0541399273e-02
198                7.0329614946e-02 -1.2164027294e+02 9.2118422713e-01 6.3190969139e-02 -1.2258175728e+02 9.4171770619e-01 7.1386458069e-03 9.4148433523e-01 -2.0533479064e-02
199                7.0152255725e-02 -1.2164190066e+02 9.2281407835e-01 6.3017007147e-02 -1.2258327019e+02 9.4333718216e-01 7.1352485788e-03 9.4136952736e-01 -2.0523103805e-02
200                7.0104981663e-02 -1.2164030124e+02 9.2399000333e-01 6.2972262892e-02 -1.2258161721e+02 9.4450223700e-01 7.1327187712e-03 9.4131596166e-01 -2.0512233676e-02
201                7.0262571169e-02 -1.2164932485e+02 9.2596597158e-01 6.3131232833e-02 -1.2259061865e+02 9.4646516478e-01 7.1313383356e-03 9.4129380727e-01 -2.0499193196e-02
202                7.0589250933e-02 -1.2165577114e+02 9.2467636283e-01 6.3457670752e-02 -1.2259708792e+02 9.4516724059e-01 7.1315801808e-03 9.4131677416e-01 -2.0490877758e-02
203                7.1010923291e-02 -1.2166218752e+02 9.2351235338e-01 6.3877484046e-02 -1.2260356945e+02 9.4399157885e-01 7.1334392443e-03 9.4138192980e-01 -2.0479225463e-02
204                7.1836095661e-02 -1.2166944239e+02 9.2286573668e-01 6.4698325542e-02 -1.2261091560e+02 9.4333339240e-01 7.1377701189e-03 9.4147321140e-01 -2.0467655726e-02
205                7.2586715079e-02 -1.2167671750e+02 9.2093803757e-01 6.5444004854e-02 -1.2261831224e+02 9.4139346835e-01 7.1427102252e-03 9.4159473840e-01 -2.0455430786e-02
206                7.3883367540e-02 -1.2168819400e+02 9.1969917204e-01 6.6734521385e-02 -1.2262991089e+02 9.4013854863e-01 7.1488461546e-03 9.4171688850e-01 -2.0439376590e-02
207                7.4493369024e-02 -1.2170246819e+02 9.1635500425e-01 6.7339086699e-02 -1.2264428891e+02 9.3678549258e-01 7.1542823252e-03 9.4182071589e-01 -2.0430488325e-02
208                7.5612762550e-02 -1.2171418851e+02 9.0871300379e-01 6.8453636571e-02 -1.2265610003e+02 9.2914283053e-01 7.1591259796e-03 9.4191152027e-01 -2.0429826738e-02
209                7.6941280996e-02 -1.2172995971e+02 9.0370780746e-01 6.9776623357e-02 -1.2267193297e+02 9.2414078067e-01 7.1646576389e-03 9.4197325385e-01 -2.0432973206e-02
210                7.7765687174e-02 -1.2174769126e+02 8.9789674110e-01 7.0596262536e-02 -1.2268969020e+02 9.1834105753e-01 7.1694246383e-03 9.4199894037e-01 -2.0444316423e-02
211                7.8940829601e-02 -1.2176169547e+02 8.8981074441e-01 7.1767248947e-02 -1.2270369908e+02 9.1027051361e-01 7.1735806538e-03 9.4200360971e-01 -2.0459769200e-02
212                7.9531449220e-02 -1.2177920071e+02 8.8363893343e-01 7.2355342022e-02 -1.2272117521e+02 9.0411197594e-01 7.1761071980e-03 9.4197450209e-01 -2.0473042509e-02
213                8.0204177618e-02 -1.2179606532e+02 8.7795866354e-01 7.3026183027e-02 -1.2273798270e+02 8.9844549559e-01 7.1779945908e-03 9.4191738157e-01 -2.0486832053e-02
214                8.1356407054e-02 -1.2181376836e+02 8.7438239973e-01 7.4174795216e-02 -1.2275560134e+02 8.9488100469e-01 7.1816118376e-03 9.4183297897e-01 -2.0498604965e-02
215                8.1749301164e-02 -1.2182832826e+02 8.7115102633e-01 7.4564243363e-02 -1.2277006510e+02 8.9165815466e-01 7.1850578009e-03 9.4173684012e-01 -2.0507128333e-02
216                8.2002891953e-02 -1.2184115894e+02 8.6777304984e-01 7.4816090838e-02 -1.2278279741e+02 8.8828081347e-01 7.1868011154e-03 9.4163847202e-01 -2.0507763630e-02
217                8.2365186418e-02 -1.2185388653e+02 8.6344839263e-01 7.5177620333e-02 -1.2279542320e+02 8.8396045408e-01 7.1875660844e-03 9.4153667605e-01 -2.0512061448e-02
218                8.2593098420e-02 -1.2186263563e+02 8.6070030760e-01 7.5404813943e-02 -1.2280409064e+02 8.8121708730e-01 7.1882844772e-03 9.4145500862e-01 -2.0516779705e-02
219                8.2500512027e-02 -1.2186845780e+02 8.5661836967e-01 7.5312607707e-02 -1.2280984431e+02 8.7714419732e-01 7.1879043205e-03 9.4138650368e-01 -2.0525827641e-02
220                8.2781457804e-02 -1.2186807564e+02 8.5338515800e-01 7.5593430290e-02 -1.2280943376e+02 8.7391989718e-01 7.1880275140e-03 9.4135811858e-01 -2.0534739172e-02
221                8.2675037198e-02 -1.2186864099e+02 8.5228628241e-01 7.5486720932e-02 -1.2280999537e+02 8.7282854662e-01 7.1883162661e-03 9.4135438925e-01 -2.0542264204e-02
222                8.2708452035e-02 -1.2186158704e+02 8.5098011403e-01 7.5519422259e-02 -1.2280297941e+02 8.7152955348e-01 7.1890297755e-03 9.4139236890e-01 -2.0549439453e-02
223                8.2640224388e-02 -1.2185109334e+02 8.5174851225e-01 7.5450179302e-02 -1.2279256409e+02 8.7229887667e-01 7.1900450859e-03 9.4147074579e-01 -2.0550364419e-02
224                8.2006931154e-02 -1.2184029244e+02 8.5317826754e-01 7.4817056551e-02 -1.2278186985e+02 8.7372313994e-01 7.1898746036e-03 9.4157740300e-01 -2.0544872405e-02
225                8.2167303836e-02 -1.2182722452e+02 8.5339678966e-01 7.4977378034e-02 -1.2276893122e+02 8.7393576247e-01 7.1899258025e-03 9.4170669346e-01 -2.0538972813e-02
226                8.1791361415e-02 -1.2181036611e+02 8.5526383303e-01 7.4601028841e-02 -1.2275222671e+02 8.7579669050e-01 7.1903325745e-03 9.4186060708e-01 -2.0532857474e-02
227                8.1338696224e-02 -1.2178985508e+02 8.5526268970e-01 7.4148878697e-02 -1.2273189256e+02 8.7578841038e-01 7.1898175277e-03 9.4203747879e-01 -2.0525720684e-02
228                8.1158629681e-02 -1.2177295548e+02 8.5653175462e-01 7.3969220336e-02 -1.2271517527e+02 8.7704778670e-01 7.1894093457e-03 9.4221978358e-01 -2.0516032074e-02
229                8.1103463463e-02 -1.2175399213e+02 8.5638493208e-01 7.3913280622e-02 -1.2269639623e+02 8.7689847002e-01 7.1901828406e-03 9.4240409859e-01 -2.0513537940e-02
230                8.0441104536e-02 -1.2173225597e+02 8.5575383168e-01 7.3251500705e-02 -1.2267484751e+02 8.7626521301e-01 7.1896038312e-03 9.4259153711e-01 -2.0511381323e-02
231                8.0106810795e-02 -1.2171655302e+02 8.5617411620e-01 7.2917476451e-02 -1.2265930907e+02 8.7668234040e-01 7.1893343436e-03 9.4275604718e-01 -2.0508224204e-02
232                7.9858993405e-02 -1.2170039139e+02 8.5652735269e-01 7.2669489003e-02 -1.2264329246e+02 8.7703698097e-01 7.1895044024e-03 9.4290106666e-01 -2.0509628288e-02
233                7.9153442963e-02 -1.2168531110e+02 8.5517361288e-01 7.1965182380e-02 -1.2262832848e+02 8.7568829230e-01 7.1882605831e-03 9.4301738787e-01 -2.0514679424e-02
234                7.8724692877e-02 -1.2167399313e+02 8.5601997382e-01 7.1538392477e-02 -1.2261708889e+02 8.7653656236e-01 7.1863003996e-03 9.4309575387e-01 -2.0516588534e-02
235                7.8702776176e-02 -1.2166594024e+02 8.5678702934e-01 7.1516607632e-02 -1.2260906509e+02 8.7730979133e-01 7.1861685441e-03 9.4312484612e-01 -2.0522761987e-02
236                7.8353082725e-02 -1.2165625926e+02 8.5478941461e-01 7.1168187058e-02 -1.2259937042e+02 8.7531829999e-01 7.1848956675e-03 9.4311116035e-01 -2.0528885385e-02
237                7.8328516061e-02 -1.2164641783e+02 8.5453119715e-01 7.1144839932e-02 -1.2258948576e+02 8.7505865769e-01 7.1836761284e-03 9.4306793865e-01 -2.0527460545e-02
238                7.8037367585e-02 -1.2164351465e+02 8.5442046946e-01 7.0855867997e-02 -1.2258649110e+02 8.7495166063e-01 7.1814995884e-03 9.4297645213e-01 -2.0531191172e-02
239                7.8431092157e-02 -1.2164135063e+02 8.5191338469e-01 7.1252279034e-02 -1.2258420238e+02 8.7245339608e-01 7.1788131228e-03 9.4285174385e-01 -2.0540011395e-02
240                7.8108599964e-02 -1.2163679989e+02 8.5115230411e-01 7.0933116380e-02 -1.2257952090e+02 8.7169957365e-01 7.1754835847e-03 9.4272101304e-01 -2.0547269541e-02
241                7.8194050838e-02 -1.2164113188e+02 8.5299967736e-01 7.1020744685e-02 -1.2258369574e+02 8.7354823677e-01 7.1733061525e-03 9.4256385877e-01 -2.0548559408e-02
242                7.8547913415e-02 -1.2164466956e+02 8.5315619549e-01 7.1375560231e-02 -1.2258707518e+02 8.7371037170e-01 7.1723531841e-03 9.4240561677e-01 -2.0554176216e-02
243                7.7927923768e-02 -1.2165023363e+02 8.5187330558e-01 7.0758702619e-02 -1.2259248944e+02 8.7242727469e-01 7.1692211495e-03 9.4225581251e-01 -2.0553969113e-02
244                7.8249050275e-02 -1.2165907574e+02 8.5139173094e-01 7.1082410782e-02 -1.2260118850e+02 8.7194298169e-01 7.1666394929e-03 9.4211276078e-01 -2.0551250750e-02
245                7.8401730614e-02 -1.2166701563e+02 8.5266516667e-01 7.1236433276e-02 -1.2260901396e+02 8.7321618181e-01 7.1652973375e-03 9.4199833256e-01 -2.0551015141e-02
246                7.8170295321e-02 -1.2168179113e+02 8.5437005377e-01 7.1005946711e-02 -1.2262368728e+02 8.7491104005e-01 7.1643486090e-03 9.4189614738e-01 -2.0540986284e-02
247                7.8174461097e-02 -1.2169873640e+02 8.5599413054e-01 7.1010761228e-02 -1.2264053951e+02 8.7652326835e-01 7.1636998687e-03 9.4180310485e-01 -2.0529137805e-02
248                7.8244426687e-02 -1.2171124879e+02 8.5785725876e-01 7.1079944023e-02 -1.2265298317e+02 8.7837698712e-01 7.1644826646e-03 9.4173437320e-01 -2.0519728359e-02
249                7.8113714365e-02 -1.2172764700e+02 8.5860565688e-01 7.0949024310e-02 -1.2266932333e+02 8.7911462507e-01 7.1646900545e-03 9.4167633339e-01 -2.0508968187e-02
250                7.8353416388e-02 -1.2174095800e+02 8.5868332208e-01 7.1188270644e-02 -1.2268259627e+02 8.7918364398e-01 7.1651457438e-03 9.4163826886e-01 -2.0500321900e-02
251                7.8839346951e-02 -1.2175529989e+02 8.5888546423e-01 7.1672896959e-02 -1.2269691057e+02 8.7938033649e-01 7.1664499924e-03 9.4161067862e-01 -2.0494872261e-02
252                7.8691902763e-02 -1.2176905055e+02 8.5740893553e-01 7.1524890545e-02 -1.2271063964e+02 8.7790253154e-01 7.1670122182e-03 9.4158909044e-01 -2.0493596009e-02
253                7.9251846798e-02 -1.2178082069e+02 8.5455486988e-01 7.2084172733e-02 -1.2272239438e+02 8.7505026622e-01 7.1676740659e-03 9.4157369458e-01 -2.0495396348e-02
254                7.9702720631e-02 -1.2178874233e+02 8.5371628611e-01 7.2533278719e-02 -1.2273031521e+02 8.7421630083e-01 7.1694419112e-03 9.4157288004e-01 -2.0500014721e-02
255                8.0005573176e-02 -1.2179780911e+02 8.5148192623e-01 7.2835088350e-02 -1.2273938626e+02 8.7198724276e-01 7.1704848254e-03 9.4157714808e-01 -2.0505316522e-02
256                7.9880489593e-02 -1.2180393797e+02 8.4928346107e-01 7.2711089855e-02 -1.2274553358e+02 8.6979384410e-01 7.1693997382e-03 9.4159561679e-01 -2.0510383036e-02
257                8.0585815608e-02 -1.2181026944e+02 8.4849864282e-01 7.3415754082e-02 -1.2275188625e+02 8.6901406682e-01 7.1700615256e-03 9.4161680757e-01 -2.0515423991e-02
258                8.0325074598e-02 -1.2181390437e+02 8.4735091995e-01 7.3155369348e-02 -1.2275555345e+02 8.6787241195e-01 7.1697052499e-03 9.4164907996e-01 -2.0521492006e-02
259                8.0289487649e-02 -1.2181722130e+02 8.4614614201e-01 7.3121027880e-02 -1.2275891125e+02 8.6666729692e-01 7.1684597691e-03 9.4168995156e-01 -2.0521154913e-02
260                8.0566432579e-02 -1.2182038567e+02 8.4604750843e-01 7.3398284537e-02 -1.2276211879e+02 8.6657119910e-01 7.1681480420e-03 9.4173312177e-01 -2.0523690667e-02
261                8.0097984706e-02 -1.2182132805e+02 8.4524168393e-01 7.2930788169e-02 -1.2276311714e+02 8.6576887395e-01 7.1671965373e-03 9.4178909137e-01 -2.0527190020e-02
262                8.0431327918e-02 -1.2182272326e+02 8.4420429086e-01 7.3263998699e-02 -1.2276456972e+02 8.6473242847e-01 7.1673292190e-03 9.4184645383e-01 -2.0528137616e-02
263                8.0341162927e-02 -1.2182225912e+02 8.4327242487e-01 7.3173226613e-02 -1.2276416792e+02 8.6380558702e-01 7.1679363146e-03 9.4190879844e-01 -2.0533162146e-02
264                8.0119433725e-02 -1.2182053180e+02 8.4181785112e-01 7.2951696132e-02 -1.2276250982e+02 8.6235337736e-01 7.1677375925e-03 9.4197801574e-01 -2.0535526234e-02
265                8.0323944653e-02 -1.2181867891e+02 8.4178974236e-01 7.3154966169e-02 -1.2276072394e+02 8.6232818296e-01 7.1689784835e-03 9.4204503330e-01 -2.0538440598e-02
266                8.0719829780e-02 -1.2181212562e+02 8.4278731067e-01 7.3547457674e-02 -1.2275424772e+02 8.6332863301e-01 7.1723721063e-03 9.4212209641e-01 -2.0541322347e-02
267                8.0636638577e-02 -1.2180701174e+02 8.4369670326e-01 7.3461509080e-02 -1.2274920753e+02 8.6423500902e-01 7.1751294969e-03 9.4219579776e-01 -2.0538305765e-02
268                8.0680993966e-02 -1.2179711076e+02 8.4377436761e-01 7.3503689131e-02 -1.2273938568e+02 8.6430905718e-01 7.1773048352e-03 9.4227492168e-01 -2.0534689571e-02
269                8.0917471992e-02 -1.2178917372e+02 8.4598814186e-01 7.3737370762e-02 -1.2273152126e+02 8.6651614261e-01 7.1801012303e-03 9.4234753818e-01 -2.0528000742e-02
270                8.1551772141e-02 -1.2177562931e+02 8.4677191549e-01 7.4366989849e-02 -1.2271805241e+02 8.6729622631e-01 7.1847822918e-03 9.4242309429e-01 -2.0524310819e-02
271                8.0884685457e-02 -1.2176071928e+02 8.4582357806e-01 7.3698536243e-02 -1.2270322205e+02 8.6634110032e-01 7.1861492141e-03 9.4250276675e-01 -2.0517522264e-02
272                8.1089264438e-02 -1.2174934933e+02 8.4470704744e-01 7.3902246972e-02 -1.2269191425e+02 8.6521898974e-01 7.1870174653e-03 9.4256491556e-01 -2.0511942293e-02
273                8.1168804080e-02 -1.2173550958e+02 8.4377790013e-01 7.3980108163e-02 -1.2267812736e+02 8.6429600979e-01 7.1886959163e-03 9.4261777755e-01 -2.0518109656e-02
274                8.0773643166e-02 -1.2172017134e+02 8.4256634113e-01 7.3584606259e-02 -1.2266283443e+02 8.6308776885e-01 7.1890369071e-03 9.4266308345e-01 -2.0521427726e-02
275                8.1076159081e-02 -1.2170717534e+02 8.4336951520e-01 7.3885960690e-02 -1.2264986497e+02 8.6389329337e-01 7.1901983916e-03 9.4268963403e-01 -2.0523778176e-02
276                8.1110944329e-02 -1.2169910894e+02 8.4268768954e-01 7.3919730451e-02 -1.2264179932e+02 8.6321986660e-01 7.1912138784e-03 9.4269037881e-01 -2.0532177062e-02
277                8.0517679120e-02 -1.2169274647e+02 8.4188930026e-01 7.3328748307e-02 -1.2263540400e+02 8.6242340737e-01 7.1889308126e-03 9.4265753105e-01 -2.0534107108e-02
278                8.0513802199e-02 -1.2168599125e+02 8.3965047284e-01 7.3328028621e-02 -1.2262858822e+02 8.6019274052e-01 7.1857735786e-03 9.4259696732e-01 -2.0542267681e-02
279                8.0660542031e-02 -1.2167808114e+02 8.3976765689e-01 7.3476410097e-02 -1.2262060559e+02 8.6031760636e-01 7.1841319343e-03 9.4252444813e-01 -2.0549949469e-02
280                8.1053049114e-02 -1.2167398949e+02 8.4170201921e-01 7.3869387139e-02 -1.2261643008e+02 8.6225299053e-01 7.1836619751e-03 9.4244058450e-01 -2.0550971319e-02
281                8.0420746248e-02 -1.2167452466e+02 8.4314714260e-01 7.3239316398e-02 -1.2261686656e+02 8.6369727562e-01 7.1814298497e-03 9.4234189988e-01 -2.0550133012e-02
282                8.0539697887e-02 -1.2167665723e+02 8.4252826199e-01 7.3360483607e-02 -1.2261889326e+02 8.6307659797e-01 7.1792142799e-03 9.4223602801e-01 -2.0548335978e-02
283                8.0298901632e-02 -1.2167711350e+02 8.4322731413e-01 7.3121861757e-02 -1.2261925224e+02 8.6377488683e-01 7.1770398747e-03 9.4213873977e-01 -2.0547572702e-02
284                7.9938715903e-02 -1.2168524805e+02 8.4522571040e-01 7.2763825421e-02 -1.2262728472e+02 8.6576853198e-01 7.1748904824e-03 9.4203667080e-01 -2.0542821584e-02
285                7.9833506769e-02 -1.2169164746e+02 8.4516638421e-01 7.2660800325e-02 -1.2263359557e+02 8.6571025945e-01 7.1727064437e-03 9.4194811335e-01 -2.0543875240e-02
286                7.9558167668e-02 -1.2169820765e+02 8.4764351915e-01 7.2386668250e-02 -1.2264009127e+02 8.6818400900e-01 7.1714994180e-03 9.4188361443e-01 -2.0540489852e-02
287                7.8985569722e-02 -1.2170896440e+02 8.5013379379e-01 7.1815902955e-02 -1.2265079092e+02 8.7066910915e-01 7.1696667673e-03 9.4182652463e-01 -2.0535315354e-02
288                7.9048721069e-02 -1.2171728237e+02 8.5052948075e-01 7.1880295914e-02 -1.2265907676e+02 8.7106183972e-01 7.1684251552e-03 9.4179438876e-01 -2.0532358977e-02
289                7.8474242717e-02 -1.2172897214e+02 8.5237734545e-01 7.1307447550e-02 -1.2267074758e+02 8.7290409629e-01 7.1667951663e-03 9.4177544386e-01 -2.0526750840e-02
290                7.8711664144e-02 -1.2174162898e+02 8.5343768728e-01 7.1545572212e-02 -1.2268338430e+02 8.7396053715e-01 7.1660919319e-03 9.4175532164e-01 -2.0522849868e-02
291                7.9122208822e-02 -1.2175111669e+02 8.5652140299e-01 7.1953737403e-02 -1.2269287086e+02 8.7703999643e-01 7.1684714191e-03 9.4175417222e-01 -2.0518593433e-02
292                7.8780924940e-02 -1.2175953121e+02 8.5525825931e-01 7.1611954443e-02 -1.2270129025e+02 8.7577398240e-01 7.1689704971e-03 9.4175903606e-01 -2.0515723087e-02
293                7.8840310505e-02 -1.2177132495e+02 8.5523325831e-01 7.1671575942e-02 -1.2271309187e+02 8.7574003888e-01 7.1687345624e-03 9.4176691591e-01 -2.0506780568e-02
294                7.9097699975e-02 -1.2177782290e+02 8.5364003274e-01 7.1928660385e-02 -1.2271960461e+02 8.7414979399e-01 7.1690395909e-03 9.4178170874e-01 -2.0509761250e-02
295                7.9341289841e-02 -1.2178299062e+02 8.5234140091e-01 7.2171496729e-02 -1.2272479859e+02 8.7285417571e-01 7.1697931123e-03 9.4180796473e-01 -2.0512774800e-02
296                7.9777020381e-02 -1.2178906667e+02 8.5162912453e-01 7.2606570115e-02 -1.2273090032e+02 8.7214432534e-01 7.1704502655e-03 9.4183364782e-01 -2.0515200813e-02
297                7.9669298475e-02 -1.2179404111e+02 8.5140554752e-01 7.2498578774e-02 -1.2273590277e+02 8.7192361912e-01 7.1707197009e-03 9.4186165921e-01 -2.0518071603e-02
298                8.0373024804e-02 -1.2179461482e+02 8.4969886146e-01 7.3200903747e-02 -1.2273651191e+02 8.7021977934e-01 7.1721210574e-03 9.4189708488e-01 -2.0520917881e-02
299                8.0566031322e-02 -1.2179804595e+02 8.5063875203e-01 7.3391843625e-02 -1.2273997689e+02 8.7115710012e-01 7.1741876968e-03 9.4193094488e-01 -2.0518348095e-02
300                8.1104593402e-02 -1.2179745664e+02 8.4848475141e-01 7.3928735206e-02 -1.2273942031e+02 8.6900401658e-01 7.1758581960e-03 9.4196366934e-01 -2.0519265175e-02
