# Force           
# CofR            : (-1.4000000000e+00 0.0000000000e+00 0.0000000000e+00)
#
# Time            	total_x total_y total_z	pressure_x pressure_y pressure_z	viscous_x viscous_y viscous_z
1                  1.0316721023e+03 -2.7572730653e-01 -5.5178907311e+02 1.0224238475e+03 -2.7524075431e-01 -5.5172909616e+02 9.2482548825e+00 -4.8655222191e-04 -5.9976947281e-02
2                  1.5961490100e+03 -4.0809783276e-01 -6.5932076396e+02 1.5866346911e+03 -4.0535132385e-01 -6.5940402213e+02 9.5143189195e+00 -2.7465089111e-03 8.3258169505e-02
3                  1.7887107656e+03 -1.6431876604e-01 -5.5521981390e+02 1.7790309583e+03 -1.5905834586e-01 -5.5545819028e+02 9.6798072992e+00 -5.2604201803e-03 2.3837638452e-01
4                  1.7584452968e+03 2.4446550106e-01 -3.1676704662e+02 1.7487037336e+03 2.5177733830e-01 -3.1715633370e+02 9.7415632228e+00 -7.3118372380e-03 3.8928707935e-01
5                  1.6152162770e+03 6.2472332147e-01 -4.4541120661e+01 1.6054239565e+03 6.3361693654e-01 -4.5051441098e+01 9.7923205360e+00 -8.8936150646e-03 5.1032043702e-01
6                  1.4243857778e+03 8.1935603939e-01 2.0365073641e+02 1.4145705827e+03 8.2956128837e-01 2.0305163385e+02 9.8151951479e+00 -1.0205248980e-02 5.9910255819e-01
7                  1.2269899886e+03 9.9694234587e-01 3.8509402886e+02 1.2172237282e+03 1.0082763508e+00 3.8443420226e+02 9.7662604096e+00 -1.1334004917e-02 6.5982660590e-01
8                  1.0493230523e+03 1.1762667249e+00 4.7834808710e+02 1.0396745209e+03 1.1889091366e+00 4.7763843392e+02 9.6485313929e+00 -1.2642411778e-02 7.0965318203e-01
9                  9.0061965858e+02 1.3372693353e+00 4.9615822016e+02 8.9101904438e+02 1.3494649239e+00 4.9545488396e+02 9.6006142074e+00 -1.2195588582e-02 7.0333619633e-01
10                 7.8982650775e+02 1.4728377925e+00 4.6008782691e+02 7.8021196812e+02 1.4844205715e+00 4.5939887784e+02 9.6145396239e+00 -1.1582778947e-02 6.8894907459e-01
11                 7.1737772825e+02 1.5000208101e+00 3.9443396002e+02 7.0769709003e+02 1.5129612123e+00 3.9376890669e+02 9.6806382215e+00 -1.2940402227e-02 6.6505332931e-01
12                 6.8008553403e+02 1.4358954377e+00 3.2370928201e+02 6.7025425087e+02 1.4480922474e+00 3.2308102167e+02 9.8312831585e+00 -1.2196809669e-02 6.2826033897e-01
13                 6.7240993177e+02 1.3188903690e+00 2.6491487194e+02 6.6235808531e+02 1.3311938799e+00 2.6432966092e+02 1.0051846462e+01 -1.2303510944e-02 5.8521102582e-01
14                 6.8740093598e+02 1.1404223997e+00 2.2400548378e+02 6.7697273046e+02 1.1518330860e+00 2.2344533580e+02 1.0428205521e+01 -1.1410686357e-02 5.6014798609e-01
15                 7.1518831956e+02 8.0195765625e-01 2.0397730414e+02 7.0434825882e+02 8.1331102649e-01 2.0341392970e+02 1.0840060749e+01 -1.1353370235e-02 5.6337443840e-01
16                 7.4864885884e+02 4.6387338662e-01 2.0023868264e+02 7.3734996340e+02 4.7103347709e-01 1.9964838972e+02 1.1298895436e+01 -7.1600904656e-03 5.9029292293e-01
17                 7.7945675184e+02 1.2861188763e-02 2.0813223539e+02 7.6771457347e+02 2.1887754639e-02 2.0748905742e+02 1.1742178371e+01 -9.0265658757e-03 6.4317797217e-01
18                 8.0235966594e+02 -3.2547532902e-01 2.2262238676e+02 7.9020822686e+02 -3.1559469134e-01 2.2190857128e+02 1.2151439073e+01 -9.8806376789e-03 7.1381548274e-01
19                 8.1630934123e+02 -5.0572548647e-01 2.3937485055e+02 8.0380384936e+02 -4.9490931484e-01 2.3859761831e+02 1.2505491865e+01 -1.0816171631e-02 7.7723223666e-01
20                 8.2213839943e+02 -6.3323427979e-01 2.5387118291e+02 8.0932221773e+02 -6.1984739678e-01 2.5303590540e+02 1.2816181704e+01 -1.3386883008e-02 8.3527751081e-01
21                 8.2119206061e+02 -6.7404590223e-01 2.6428466079e+02 8.0809918911e+02 -6.5911666146e-01 2.6341643396e+02 1.3092871498e+01 -1.4929240776e-02 8.6822683225e-01
22                 8.1553055844e+02 -7.8126102901e-01 2.7006585014e+02 8.0220686226e+02 -7.6754352716e-01 2.6916982223e+02 1.3323696188e+01 -1.3717501847e-02 8.9602791684e-01
23                 8.0631143498e+02 -8.7601563360e-01 2.7325886701e+02 7.9276208632e+02 -8.6176312493e-01 2.7234732086e+02 1.3549348654e+01 -1.4252508667e-02 9.1154614444e-01
24                 7.9494988808e+02 -8.5911423437e-01 2.7295956755e+02 7.8121231357e+02 -8.4556099623e-01 2.7204331135e+02 1.3737574507e+01 -1.3553238142e-02 9.1625620487e-01
25                 7.8210392173e+02 -8.1980297790e-01 2.7194195724e+02 7.6818047848e+02 -8.0848081525e-01 2.7102531661e+02 1.3923443256e+01 -1.1322162651e-02 9.1664063803e-01
26                 7.6918421584e+02 -7.4692112241e-01 2.7016884673e+02 7.5510998840e+02 -7.3572186897e-01 2.6925666040e+02 1.4074227439e+01 -1.1199253440e-02 9.1218632576e-01
27                 7.5667039447e+02 -6.9900443462e-01 2.6888908129e+02 7.4245265033e+02 -6.8752994781e-01 2.6798862947e+02 1.4217744135e+01 -1.1474486811e-02 9.0045182281e-01
28                 7.4452489057e+02 -4.8665141169e-01 2.6829116884e+02 7.3018168977e+02 -4.7459628240e-01 2.6740870757e+02 1.4343200799e+01 -1.2055129285e-02 8.8246127232e-01
29                 7.3285020697e+02 -2.3147159666e-01 2.6815641254e+02 7.1838039657e+02 -2.1993573972e-01 2.6730523972e+02 1.4469810402e+01 -1.1535856943e-02 8.5117282044e-01
30                 7.2174760112e+02 -4.9221888567e-02 2.6776193340e+02 7.0715632512e+02 -3.3720149115e-02 2.6694306509e+02 1.4591275999e+01 -1.5501739452e-02 8.1886831154e-01
31                 7.1107804973e+02 4.1565808493e-02 2.6679383940e+02 6.9636070762e+02 5.5123078877e-02 2.6601495826e+02 1.4717342112e+01 -1.3557270384e-02 7.7888113824e-01
32                 7.0056071975e+02 3.0806397894e-02 2.6488784018e+02 6.8570382933e+02 4.6805356441e-02 2.6415957102e+02 1.4856890427e+01 -1.5998958548e-02 7.2826915974e-01
33                 6.9069727244e+02 -6.0276059327e-02 2.6318651794e+02 6.7570879824e+02 -4.7820929962e-02 2.6250891890e+02 1.4988474205e+01 -1.2455129364e-02 6.7759903565e-01
34                 6.8125368985e+02 -1.7058399171e-01 2.6231838335e+02 6.6616341691e+02 -1.5393771787e-01 2.6167810128e+02 1.5090272939e+01 -1.6646273836e-02 6.4028206985e-01
35                 6.7229232566e+02 -2.3196363866e-01 2.6321306038e+02 6.5710049347e+02 -2.1676687241e-01 2.6261087835e+02 1.5191832199e+01 -1.5196766253e-02 6.0218203076e-01
36                 6.6326600141e+02 -2.1674794922e-01 2.6625335564e+02 6.4799959049e+02 -2.0051750488e-01 2.6567579210e+02 1.5266410919e+01 -1.6230444337e-02 5.7756353718e-01
37                 6.5435251357e+02 -1.2184560487e-01 2.7162362664e+02 6.3904249972e+02 -1.0544188277e-01 2.7106316607e+02 1.5310013848e+01 -1.6403722101e-02 5.6046057191e-01
38                 6.4587389434e+02 3.5219181279e-02 2.7962612163e+02 6.3055005692e+02 5.1326908628e-02 2.7906872025e+02 1.5323837421e+01 -1.6107727348e-02 5.5740138006e-01
39                 6.3830181211e+02 2.5318426922e-01 2.8998845742e+02 6.2298825879e+02 2.6907840098e-01 2.8941890054e+02 1.5313553322e+01 -1.5894131761e-02 5.6955687906e-01
40                 6.3230675060e+02 5.0946300196e-01 3.0254304373e+02 6.1702163802e+02 5.2545381835e-01 3.0195172843e+02 1.5285112586e+01 -1.5990816384e-02 5.9131530968e-01
41                 6.2833065739e+02 7.6691991168e-01 3.1648864649e+02 6.1309007697e+02 7.8130371078e-01 3.1585849128e+02 1.5240580418e+01 -1.4383799105e-02 6.3015520954e-01
42                 6.2677913075e+02 1.0120398742e+00 3.3093871562e+02 6.1159632566e+02 1.0254655625e+00 3.3025716817e+02 1.5182805091e+01 -1.3425688249e-02 6.8154744765e-01
43                 6.2735571945e+02 1.2390688399e+00 3.4398694526e+02 6.1223701484e+02 1.2515628584e+00 3.4325315317e+02 1.5118704609e+01 -1.2494018453e-02 7.3379209100e-01
44                 6.3070973258e+02 1.3959619092e+00 3.5546418931e+02 6.1565580851e+02 1.4076729930e+00 3.5468555517e+02 1.5053924066e+01 -1.1711083801e-02 7.7863414266e-01
45                 6.3684805563e+02 1.4597585239e+00 3.6494368038e+02 6.2185046902e+02 1.4709620617e+00 3.6413543332e+02 1.4997586619e+01 -1.1203537831e-02 8.0824705996e-01
46                 6.4556694235e+02 1.3868750765e+00 3.7189172209e+02 6.3061241913e+02 1.3979963684e+00 3.7107002568e+02 1.4954523228e+01 -1.1121291857e-02 8.2169641288e-01
47                 6.5633434415e+02 1.2247311850e+00 3.7592136749e+02 6.4141473780e+02 1.2359041909e+00 3.7508896981e+02 1.4919606348e+01 -1.1173005889e-02 8.3239767995e-01
48                 6.6839228861e+02 9.8978760149e-01 3.7689010878e+02 6.5350742552e+02 1.0013700576e+00 3.7605806186e+02 1.4884863095e+01 -1.1582456148e-02 8.3204691838e-01
49                 6.8061014144e+02 7.5309925824e-01 3.7498106480e+02 6.6576048769e+02 7.6524165012e-01 3.7415246364e+02 1.4849653746e+01 -1.2142391878e-02 8.2860116183e-01
50                 6.9203224363e+02 5.8034893989e-01 3.7102777252e+02 6.7721565179e+02 5.9316322697e-01 3.7020329225e+02 1.4816591835e+01 -1.2814287081e-02 8.2448027238e-01
51                 7.0185893931e+02 5.0348731097e-01 3.6601520318e+02 6.8708116617e+02 5.1689536125e-01 3.6519599468e+02 1.4777773138e+01 -1.3408050283e-02 8.1920850362e-01
52                 7.0998953263e+02 5.1111151526e-01 3.6039724975e+02 6.9524968977e+02 5.2504301470e-01 3.5958884831e+02 1.4739842860e+01 -1.3931499449e-02 8.0840143722e-01
53                 7.1647744443e+02 5.6002712298e-01 3.5472145823e+02 7.0177028645e+02 5.7411964401e-01 3.5392503038e+02 1.4707157978e+01 -1.4092521032e-02 7.9642785692e-01
54                 7.2163411400e+02 6.2058106363e-01 3.4929825511e+02 7.0695882262e+02 6.3450391920e-01 3.4851359803e+02 1.4675291388e+01 -1.3922855568e-02 7.8465708089e-01
55                 7.2580139878e+02 6.7719386404e-01 3.4440045273e+02 7.1115715006e+02 6.9112120258e-01 3.4362625841e+02 1.4644248719e+01 -1.3927338533e-02 7.7419431540e-01
56                 7.2920817103e+02 7.1745646697e-01 3.4032216482e+02 7.1458917027e+02 7.3086445318e-01 3.3955702975e+02 1.4619000764e+01 -1.3407986216e-02 7.6513507334e-01
57                 7.3174831724e+02 7.4161927519e-01 3.3718373764e+02 7.1715648104e+02 7.5488345326e-01 3.3642589672e+02 1.4591836194e+01 -1.3264178075e-02 7.5784091697e-01
58                 7.3372930651e+02 7.5272196527e-01 3.3495490676e+02 7.1915837920e+02 7.6485317081e-01 3.3420591089e+02 1.4570927301e+01 -1.2131205538e-02 7.4899587163e-01
59                 7.3494322554e+02 7.4652098879e-01 3.3331487217e+02 7.2039631498e+02 7.5863133902e-01 3.3257088238e+02 1.4546910559e+01 -1.2110350230e-02 7.4398978634e-01
60                 7.3584670805e+02 7.2795102238e-01 3.3235450670e+02 7.2131135426e+02 7.3912188891e-01 3.3161897841e+02 1.4535353788e+01 -1.1170866528e-02 7.3552829926e-01
61                 7.3580938875e+02 6.9939901812e-01 3.3193015652e+02 7.2128625011e+02 7.0929533994e-01 3.3119730280e+02 1.4523138637e+01 -9.8963218187e-03 7.3285372330e-01
62                 7.3522414263e+02 6.6755577449e-01 3.3227672040e+02 7.2070156509e+02 6.7867184237e-01 3.3155255394e+02 1.4522577533e+01 -1.1116067879e-02 7.2416645934e-01
63                 7.3339384605e+02 6.4692835852e-01 3.3321015533e+02 7.1886842923e+02 6.5771805418e-01 3.3248981760e+02 1.4525416827e+01 -1.0789695656e-02 7.2033772804e-01
64                 7.3064082086e+02 6.3471701670e-01 3.3499542151e+02 7.1610220992e+02 6.4599091154e-01 3.3428555383e+02 1.4538610944e+01 -1.1273894840e-02 7.0986767552e-01
65                 7.2681004094e+02 6.3677184245e-01 3.3749020869e+02 7.1225281491e+02 6.4768528942e-01 3.3678727737e+02 1.4557226022e+01 -1.0913446972e-02 7.0293131760e-01
66                 7.2240200742e+02 6.4376181391e-01 3.4085716661e+02 7.0782047199e+02 6.5399507599e-01 3.4016394942e+02 1.4581535435e+01 -1.0233262076e-02 6.9321718554e-01
67                 7.1754590204e+02 6.4638077711e-01 3.4481810253e+02 7.0292383821e+02 6.5851545309e-01 3.4413698654e+02 1.4622063829e+01 -1.2134675983e-02 6.8111598322e-01
68                 7.1231855318e+02 6.3445512471e-01 3.4853733391e+02 6.9764128534e+02 6.4489425384e-01 3.4787349647e+02 1.4677267837e+01 -1.0439129130e-02 6.6383743701e-01
69                 7.0668137790e+02 6.2175224148e-01 3.5171094197e+02 6.9195338376e+02 6.3409589864e-01 3.5105943124e+02 1.4727994144e+01 -1.2343657156e-02 6.5151073008e-01
70                 7.0104865568e+02 5.9866667906e-01 3.5445656950e+02 6.8625454569e+02 6.1033341518e-01 3.5382265667e+02 1.4794109992e+01 -1.1666736126e-02 6.3391282658e-01
71                 6.9539253834e+02 5.7147254069e-01 3.5688896583e+02 6.8053218023e+02 5.8372629717e-01 3.5626871140e+02 1.4860358115e+01 -1.2253756481e-02 6.2025443896e-01
72                 6.8994282782e+02 5.2532015811e-01 3.5898215162e+02 6.7502798763e+02 5.3846909199e-01 3.5836866539e+02 1.4914840195e+01 -1.3148933874e-02 6.1348623216e-01
73                 6.8520796049e+02 4.6532911048e-01 3.6070707793e+02 6.7021573889e+02 4.7638340447e-01 3.6011484880e+02 1.4992221599e+01 -1.1054293985e-02 5.9222912419e-01
74                 6.8053784644e+02 3.9270214403e-01 3.6177493161e+02 6.6548019410e+02 4.0492292912e-01 3.6119488892e+02 1.5057652344e+01 -1.2220785095e-02 5.8004268608e-01
75                 6.7603131472e+02 3.1151941809e-01 3.6220791468e+02 6.6092528485e+02 3.2446982864e-01 3.6163424428e+02 1.5106029875e+01 -1.2950410549e-02 5.7367039322e-01
76                 6.7197675609e+02 2.4208691552e-01 3.6258809826e+02 6.5682509971e+02 2.5413034627e-01 3.6201875654e+02 1.5151656380e+01 -1.2043430756e-02 5.6934171616e-01
77                 6.6862467830e+02 1.6941869166e-01 3.6343914667e+02 6.5341826787e+02 1.8299366132e-01 3.6288284309e+02 1.5206410431e+01 -1.3574969662e-02 5.5630357946e-01
78                 6.6571461915e+02 1.0614755304e-01 3.6458842820e+02 6.5047603261e+02 1.1997864668e-01 3.6402853204e+02 1.5238586540e+01 -1.3831093645e-02 5.5989616238e-01
79                 6.6361262795e+02 5.5735012383e-02 3.6575724435e+02 6.4836786004e+02 6.9063970404e-02 3.6518976037e+02 1.5244767911e+01 -1.3328958021e-02 5.6748398430e-01
80                 6.6264956442e+02 2.1185004512e-02 3.6694145723e+02 6.4739893638e+02 3.4582776257e-02 3.6636453131e+02 1.5250628031e+01 -1.3397771745e-02 5.7692591537e-01
81                 6.6277769936e+02 6.2279540266e-03 3.6810745618e+02 6.4753630575e+02 1.9644385095e-02 3.6751721723e+02 1.5241393602e+01 -1.3416431068e-02 5.9023895223e-01
82                 6.6392819041e+02 1.5187734041e-02 3.6933960203e+02 6.4872078754e+02 2.8817008669e-02 3.6872849059e+02 1.5207402875e+01 -1.3629274628e-02 6.1111144124e-01
83                 6.6617857878e+02 3.6561420710e-02 3.7083755247e+02 6.5101055556e+02 5.0579111837e-02 3.7020881544e+02 1.5168023227e+01 -1.4017691127e-02 6.2873702844e-01
84                 6.6940496325e+02 6.5765267490e-02 3.7269730438e+02 6.5428367567e+02 7.9710499976e-02 3.7204872510e+02 1.5121287585e+01 -1.3945232487e-02 6.4857927794e-01
85                 6.7350318905e+02 9.6630533591e-02 3.7472549183e+02 6.5844537201e+02 1.1074300190e-01 3.7405215081e+02 1.5057817041e+01 -1.4112468309e-02 6.7334101983e-01
86                 6.7849373556e+02 1.2525779163e-01 3.7673460541e+02 6.6350926306e+02 1.3978504228e-01 3.7603827040e+02 1.4984472504e+01 -1.4527250656e-02 6.9633500995e-01
87                 6.8427799479e+02 1.4945939511e-01 3.7840504893e+02 6.6936510979e+02 1.6404388382e-01 3.7768631850e+02 1.4912885001e+01 -1.4584488715e-02 7.1873042784e-01
88                 6.9050922847e+02 1.7003546355e-01 3.7939889606e+02 6.7568122672e+02 1.8443554233e-01 3.7865580393e+02 1.4828001746e+01 -1.4400078784e-02 7.4309213063e-01
89                 6.9710494005e+02 1.8985097575e-01 3.7952447081e+02 6.8233898912e+02 2.0458063455e-01 3.7876899898e+02 1.4765950932e+01 -1.4729658792e-02 7.5547182598e-01
90                 7.0330903669e+02 2.0788051013e-01 3.7873708358e+02 6.8861151197e+02 2.2314811930e-01 3.7796465452e+02 1.4697524716e+01 -1.5267609167e-02 7.7242906477e-01
91                 7.0886205630e+02 2.1935148284e-01 3.7701119641e+02 6.9422653966e+02 2.3456400836e-01 3.7623724510e+02 1.4635516644e+01 -1.5212525523e-02 7.7395131220e-01
92                 7.1320194602e+02 2.3732813930e-01 3.7478721850e+02 6.9862087669e+02 2.5240093295e-01 3.7401248653e+02 1.4581069329e+01 -1.5072793647e-02 7.7473196959e-01
93                 7.1635361442e+02 2.6921254057e-01 3.7248224718e+02 7.0180890784e+02 2.8619813524e-01 3.7171868106e+02 1.4544706582e+01 -1.6985594674e-02 7.6356611437e-01
94                 7.1814311883e+02 3.0951455173e-01 3.7047512622e+02 7.0363508354e+02 3.2492803113e-01 3.6972163273e+02 1.4508035288e+01 -1.5413479402e-02 7.5349349322e-01
95                 7.1878873423e+02 3.4942724457e-01 3.6900213533e+02 7.0431068731e+02 3.6485196222e-01 3.6825943271e+02 1.4478046923e+01 -1.5424717650e-02 7.4270262245e-01
96                 7.1838335576e+02 3.8380061882e-01 3.6815289721e+02 7.0392626733e+02 3.9926567880e-01 3.6742050796e+02 1.4457088432e+01 -1.5465059976e-02 7.3238924741e-01
97                 7.1714808524e+02 4.0280785729e-01 3.6797770277e+02 7.0270559416e+02 4.1803175237e-01 3.6725467934e+02 1.4442491084e+01 -1.5223895081e-02 7.2302342883e-01
98                 7.1534360254e+02 4.1339756550e-01 3.6844771609e+02 7.0091180775e+02 4.2886669098e-01 3.6773516033e+02 1.4431794784e+01 -1.5469125476e-02 7.1255576092e-01
99                 7.1338706244e+02 4.1776115915e-01 3.6946322947e+02 6.9894855284e+02 4.3348294020e-01 3.6876255773e+02 1.4438509602e+01 -1.5721781052e-02 7.0067174242e-01
100                7.1112963435e+02 4.1526437141e-01 3.7060228070e+02 6.9668870398e+02 4.3269615234e-01 3.6990776964e+02 1.4440930362e+01 -1.7431780926e-02 6.9451105803e-01
101                7.0910309765e+02 4.0683370547e-01 3.7203377956e+02 6.9463463927e+02 4.2225809095e-01 3.7135533431e+02 1.4468458388e+01 -1.5424385482e-02 6.7844525173e-01
102                7.0695201867e+02 3.9064162694e-01 3.7334975320e+02 6.9245047913e+02 4.0614104359e-01 3.7268088900e+02 1.4501539548e+01 -1.5499416655e-02 6.6886420354e-01
103                7.0453310752e+02 3.8237452138e-01 3.7439650623e+02 6.9001578870e+02 4.0103280732e-01 3.7372993792e+02 1.4517318813e+01 -1.8658285946e-02 6.6656831259e-01
104                7.0218536509e+02 3.7372483167e-01 3.7532654403e+02 6.8762878699e+02 3.8693665030e-01 3.7467189467e+02 1.4556578108e+01 -1.3211818637e-02 6.5464936002e-01
105                6.9973143489e+02 3.6294587956e-01 3.7667752828e+02 6.8512262331e+02 3.7908706080e-01 3.7603419572e+02 1.4608811579e+01 -1.6141181245e-02 6.4333256335e-01
106                6.9705038382e+02 3.5334302054e-01 3.7871480253e+02 6.8240085943e+02 3.7005980205e-01 3.7807486637e+02 1.4649524395e+01 -1.6716781509e-02 6.3993615824e-01
107                6.9442311103e+02 3.4042080287e-01 3.8159016753e+02 6.7973364446e+02 3.5653815296e-01 3.8095499538e+02 1.4689466574e+01 -1.6117350092e-02 6.3517215643e-01
108                6.9172596709e+02 3.2394329230e-01 3.8530556133e+02 6.7699044431e+02 3.3970246196e-01 3.8467767173e+02 1.4735522786e+01 -1.5759169664e-02 6.2788960081e-01
109                6.8862232284e+02 2.9895645200e-01 3.8943457784e+02 6.7386259469e+02 3.1629576448e-01 3.8879741060e+02 1.4759728150e+01 -1.7339312484e-02 6.3716723507e-01
110                6.8573310779e+02 2.7708684870e-01 3.9358053986e+02 6.7092839037e+02 2.9314875036e-01 3.9295189328e+02 1.4804717418e+01 -1.6061901657e-02 6.2864658403e-01
111                6.8260351145e+02 2.4386046487e-01 3.9747695194e+02 6.6775141950e+02 2.5993084409e-01 3.9685158611e+02 1.4852091943e+01 -1.6070379215e-02 6.2536582894e-01
112                6.7940340929e+02 2.1432714087e-01 4.0070848324e+02 6.6451298747e+02 2.3193578716e-01 4.0008347155e+02 1.4890421821e+01 -1.7608646294e-02 6.2501168958e-01
113                6.7615249339e+02 1.8144270393e-01 4.0332956850e+02 6.6123294636e+02 1.9853837803e-01 4.0270371354e+02 1.4919547033e+01 -1.7095674108e-02 6.2585495967e-01
114                6.7308659664e+02 1.5171364430e-01 4.0554220191e+02 6.5813920290e+02 1.6710166076e-01 4.0491812495e+02 1.4947393745e+01 -1.5388016459e-02 6.2407695980e-01
115                6.7019313672e+02 1.1886131255e-01 4.0738074949e+02 6.5523484588e+02 1.3624894504e-01 4.0675019914e+02 1.4958290838e+01 -1.7387632489e-02 6.3055034320e-01
116                6.6779577113e+02 9.1476325338e-02 4.0898445558e+02 6.5282887942e+02 1.0905083139e-01 4.0834926712e+02 1.4966891710e+01 -1.7574506052e-02 6.3518846670e-01
117                6.6599490190e+02 6.9714728577e-02 4.1041902122e+02 6.5101778374e+02 8.6873549642e-02 4.0978456016e+02 1.4977118157e+01 -1.7158821065e-02 6.3446106266e-01
118                6.6455530059e+02 5.7036916486e-02 4.1156248979e+02 6.4960124166e+02 7.3418530504e-02 4.1090909868e+02 1.4954058926e+01 -1.6381614018e-02 6.5339110589e-01
119                6.6421419888e+02 4.6166609174e-02 4.1250995169e+02 6.4925966596e+02 6.2200111960e-02 4.1185754139e+02 1.4954532922e+01 -1.6033502786e-02 6.5241030069e-01
120                6.6457355073e+02 3.8836843316e-02 4.1321853478e+02 6.4963270304e+02 5.5838725467e-02 4.1255861025e+02 1.4940847697e+01 -1.7001882151e-02 6.5992453193e-01
121                6.6569246507e+02 4.1934841916e-02 4.1354908608e+02 6.5078479085e+02 5.9231006290e-02 4.1287549504e+02 1.4907674220e+01 -1.7296164374e-02 6.7359104187e-01
122                6.6769475496e+02 4.5734429952e-02 4.1354207252e+02 6.5281844889e+02 6.4285164572e-02 4.1285618639e+02 1.4876306071e+01 -1.8550734620e-02 6.8588613073e-01
123                6.7059512248e+02 6.0070790945e-02 4.1324471969e+02 6.5574627349e+02 7.5546227063e-02 4.1255240262e+02 1.4848848995e+01 -1.5475436119e-02 6.9231707714e-01
124                6.7404795597e+02 7.3162613434e-02 4.1257795278e+02 6.5923612662e+02 8.9867706400e-02 4.1187612282e+02 1.4811829344e+01 -1.6705092966e-02 7.0182995214e-01
125                6.7781618642e+02 9.0696336305e-02 4.1138492769e+02 6.6305256326e+02 1.0904328826e-01 4.1066803624e+02 1.4763623158e+01 -1.8346951953e-02 7.1689144372e-01
126                6.8176843111e+02 1.0892747989e-01 4.0947853448e+02 6.6705991794e+02 1.2473613515e-01 4.0875033163e+02 1.4708513170e+01 -1.5808655269e-02 7.2820284857e-01
127                6.8590873414e+02 1.2607213813e-01 4.0710060030e+02 6.7122838788e+02 1.4244391690e-01 4.0637311240e+02 1.4680346258e+01 -1.6371778770e-02 7.2748789904e-01
128                6.8946111837e+02 1.4769363936e-01 4.0407444018e+02 6.7483964957e+02 1.6621821770e-01 4.0333051919e+02 1.4621468806e+01 -1.8524578336e-02 7.4392099600e-01
129                6.9306987387e+02 1.7970557324e-01 4.0080128990e+02 6.7847717109e+02 1.9564181052e-01 4.0006146162e+02 1.4592702779e+01 -1.5936237273e-02 7.3982827396e-01
130                6.9603302142e+02 1.9642853742e-01 3.9737624109e+02 6.8147873123e+02 2.1336790223e-01 3.9663120965e+02 1.4554290192e+01 -1.6939364807e-02 7.4503144251e-01
131                6.9880314586e+02 2.1907373845e-01 3.9410136027e+02 6.8427224606e+02 2.3481970263e-01 3.9336353557e+02 1.4530899801e+01 -1.5745964174e-02 7.3782469783e-01
132                7.0092239533e+02 2.3206131653e-01 3.9105488360e+02 6.8641413038e+02 2.4765250343e-01 3.9032004290e+02 1.4508264946e+01 -1.5591186910e-02 7.3484069727e-01
133                7.0264547188e+02 2.5553155152e-01 3.8858601786e+02 6.8814834143e+02 2.7127717023e-01 3.8785993713e+02 1.4497130445e+01 -1.5745618718e-02 7.2608073092e-01
134                7.0353217105e+02 2.6884584498e-01 3.8663024540e+02 6.8905295216e+02 2.8287875907e-01 3.8590718327e+02 1.4479218883e+01 -1.4032914084e-02 7.2306212606e-01
135                7.0384635466e+02 2.8933652756e-01 3.8548273260e+02 6.8936704037e+02 3.0389390221e-01 3.8476842163e+02 1.4479314286e+01 -1.4557374652e-02 7.1431096949e-01
136                7.0330182901e+02 3.0017129407e-01 3.8519793643e+02 6.8882060020e+02 3.1507956899e-01 3.8449046637e+02 1.4481228802e+01 -1.4908274921e-02 7.0747005410e-01
137                7.0213027679e+02 3.1890452661e-01 3.8596541477e+02 6.8763931322e+02 3.3364662587e-01 3.8526532423e+02 1.4490963566e+01 -1.4742099265e-02 7.0009054064e-01
138                7.0031991231e+02 3.2123134840e-01 3.8762352240e+02 6.8581554500e+02 3.3644713282e-01 3.8692728247e+02 1.4504367310e+01 -1.5215784421e-02 6.9623993225e-01
139                6.9818087007e+02 3.2440199210e-01 3.9021447876e+02 6.8365455844e+02 3.3802439819e-01 3.8952507325e+02 1.4526311624e+01 -1.3622406094e-02 6.8940551560e-01
140                6.9576843547e+02 3.1333334960e-01 3.9326562468e+02 6.8121167119e+02 3.2707006791e-01 3.9258139564e+02 1.4556764273e+01 -1.3736718317e-02 6.8422903551e-01
141                6.9295764578e+02 3.1041790486e-01 3.9634262883e+02 6.7837673733e+02 3.2390613029e-01 3.9565907060e+02 1.4580908450e+01 -1.3488225437e-02 6.8355822730e-01
142                6.9021980292e+02 2.9947467490e-01 3.9940121624e+02 6.7559767634e+02 3.1292863398e-01 3.9872494055e+02 1.4622126582e+01 -1.3453959074e-02 6.7627569023e-01
143                6.8703868587e+02 2.9566923352e-01 4.0211404941e+02 6.7238847600e+02 3.1073723306e-01 4.0143312266e+02 1.4650209871e+01 -1.5067999535e-02 6.8092674556e-01
144                6.8398170448e+02 2.8721066168e-01 4.0482577016e+02 6.6930015018e+02 2.9964090730e-01 4.0414928246e+02 1.4681554301e+01 -1.2430245623e-02 6.7648769698e-01
145                6.8107761388e+02 2.8387680414e-01 4.0761641294e+02 6.6635357186e+02 2.9763019815e-01 4.0694408443e+02 1.4724042017e+01 -1.3753394013e-02 6.7232850603e-01
146                6.7822181705e+02 2.7277329386e-01 4.1049158042e+02 6.6347248961e+02 2.8712219215e-01 4.0981487337e+02 1.4749327442e+01 -1.4348898292e-02 6.7670705254e-01
147                6.7583927742e+02 2.5749105111e-01 4.1348623542e+02 6.6105726643e+02 2.6896431762e-01 4.1281223971e+02 1.4782010988e+01 -1.1473266518e-02 6.7399571001e-01
148                6.7381534773e+02 2.3752447252e-01 4.1650865072e+02 6.5899503283e+02 2.5066504860e-01 4.1583901321e+02 1.4820314900e+01 -1.3140576082e-02 6.6963751281e-01
149                6.7203159454e+02 2.2025968504e-01 4.1931059555e+02 6.5718311285e+02 2.3333257314e-01 4.1864147047e+02 1.4848481696e+01 -1.3072888092e-02 6.6912508100e-01
150                6.7033046893e+02 2.0388873648e-01 4.2146544764e+02 6.5547299568e+02 2.1682320528e-01 4.2078780192e+02 1.4857473257e+01 -1.2934468794e-02 6.7764572072e-01
151                6.6904056156e+02 1.8901487432e-01 4.2294468139e+02 6.5416826663e+02 2.0160410040e-01 4.2226443385e+02 1.4872294929e+01 -1.2589226084e-02 6.8024754440e-01
152                6.6812600490e+02 1.7634998778e-01 4.2377432712e+02 6.5323953156e+02 1.8909956503e-01 4.2309450834e+02 1.4886473341e+01 -1.2749577252e-02 6.7981877985e-01
153                6.6732559768e+02 1.7051053725e-01 4.2398043951e+02 6.5243676865e+02 1.8109896211e-01 4.2329143788e+02 1.4888829029e+01 -1.0588424860e-02 6.8900163203e-01
154                6.6689116616e+02 1.6469900193e-01 4.2358444380e+02 6.5201271864e+02 1.7599110491e-01 4.2288989299e+02 1.4878447520e+01 -1.1292102980e-02 6.9455080978e-01
155                6.6713200220e+02 1.6008852333e-01 4.2293529577e+02 6.5223321613e+02 1.7351947493e-01 4.2224772550e+02 1.4898786068e+01 -1.3430951599e-02 6.8757027246e-01
156                6.6748325559e+02 1.6308800097e-01 4.2182605153e+02 6.5259087722e+02 1.7503358948e-01 4.2112903288e+02 1.4892378370e+01 -1.1945588510e-02 6.9701864875e-01
157                6.6821078131e+02 1.6507651553e-01 4.2038595093e+02 6.5332969525e+02 1.7723913900e-01 4.1968461782e+02 1.4881086062e+01 -1.2162623468e-02 7.0133311090e-01
158                6.6923287765e+02 1.7096054499e-01 4.1881849026e+02 6.5436255732e+02 1.8379855153e-01 4.1810948442e+02 1.4870320328e+01 -1.2838006538e-02 7.0900584750e-01
159                6.7063668282e+02 1.7629304054e-01 4.1718370309e+02 6.5577837905e+02 1.8970386032e-01 4.1647454555e+02 1.4858303765e+01 -1.3410819774e-02 7.0915753231e-01
160                6.7234709200e+02 1.8535435437e-01 4.1571823456e+02 6.5749290557e+02 1.9682323091e-01 4.1500934473e+02 1.4854186430e+01 -1.1468876539e-02 7.0888983716e-01
161                6.7396394869e+02 1.9523763061e-01 4.1420739651e+02 6.5914942018e+02 2.1119526724e-01 4.1348171225e+02 1.4814528516e+01 -1.5957636623e-02 7.2568426092e-01
162                6.7612444685e+02 2.1364314586e-01 4.1288483215e+02 6.6131209869e+02 2.2542911889e-01 4.1216636285e+02 1.4812348158e+01 -1.1785973021e-02 7.1846930162e-01
163                6.7816157456e+02 2.2857722276e-01 4.1164635669e+02 6.6336168386e+02 2.4185609569e-01 4.1092496705e+02 1.4799890697e+01 -1.3278872929e-02 7.2138964762e-01
164                6.8011659145e+02 2.4136130959e-01 4.1045712216e+02 6.6534796834e+02 2.5494075527e-01 4.0972459856e+02 1.4768623111e+01 -1.3579445686e-02 7.3252359753e-01
165                6.8227205851e+02 2.4921064554e-01 4.0928554194e+02 6.6751606940e+02 2.6227510743e-01 4.0855748329e+02 1.4755989109e+01 -1.3064461890e-02 7.2805865423e-01
166                6.8420332799e+02 2.6005657850e-01 4.0826670719e+02 6.6945829500e+02 2.7274676651e-01 4.0753649102e+02 1.4745032993e+01 -1.2690188016e-02 7.3021616670e-01
167                6.8612210064e+02 2.5759458679e-01 4.0732777314e+02 6.7139193973e+02 2.6893042359e-01 4.0659791340e+02 1.4730160914e+01 -1.1335836804e-02 7.2985974047e-01
168                6.8760897690e+02 2.5554455034e-01 4.0637494372e+02 6.7291058840e+02 2.7102597317e-01 4.0563781471e+02 1.4698388504e+01 -1.5481422830e-02 7.3712900891e-01
169                6.8913751744e+02 2.5763183423e-01 4.0569634448e+02 6.7444668702e+02 2.6941151864e-01 4.0496563799e+02 1.4690830426e+01 -1.1779684416e-02 7.3070648997e-01
170                6.9037202670e+02 2.5394648913e-01 4.0527939554e+02 6.7568654167e+02 2.6716686059e-01 4.0455306725e+02 1.4685485029e+01 -1.3220371460e-02 7.2632829148e-01
171                6.9123620894e+02 2.5305602697e-01 4.0509232826e+02 6.7656781910e+02 2.6679663273e-01 4.0436660245e+02 1.4668389842e+01 -1.3740605756e-02 7.2572581175e-01
172                6.9189441540e+02 2.5244210006e-01 4.0511091541e+02 6.7723834623e+02 2.6652870817e-01 4.0438576010e+02 1.4656069169e+01 -1.4086608117e-02 7.2515531031e-01
173                6.9215246008e+02 2.5399674454e-01 4.0525109870e+02 6.7751183715e+02 2.6924728408e-01 4.0452411540e+02 1.4640622936e+01 -1.5250539540e-02 7.2698329226e-01
174                6.9228213419e+02 2.5491219779e-01 4.0556378609e+02 6.7764388840e+02 2.6914641448e-01 4.0484143882e+02 1.4638245792e+01 -1.4234216690e-02 7.2234726756e-01
175                6.9218900416e+02 2.5470623198e-01 4.0617138228e+02 6.7753861349e+02 2.6896077274e-01 4.0545709487e+02 1.4650390675e+01 -1.4254540758e-02 7.1428740925e-01
176                6.9144361943e+02 2.5706797286e-01 4.0677372908e+02 6.7681099921e+02 2.7359214030e-01 4.0605126350e+02 1.4632620217e+01 -1.6524167444e-02 7.2246558267e-01
177                6.9084969088e+02 2.5740982244e-01 4.0764157839e+02 6.7620258150e+02 2.7064173391e-01 4.0692977232e+02 1.4647109374e+01 -1.3231911464e-02 7.1180607413e-01
178                6.8973769687e+02 2.4699428678e-01 4.0853575585e+02 6.7507834296e+02 2.6115805440e-01 4.0782568534e+02 1.4659353907e+01 -1.4163767626e-02 7.1007051543e-01
179                6.8835851498e+02 2.3831187229e-01 4.0953364494e+02 6.7370070142e+02 2.5085086024e-01 4.0881991468e+02 1.4657813563e+01 -1.2538987954e-02 7.1373025869e-01
180                6.8706603901e+02 2.1923804684e-01 4.1071141985e+02 6.7238543570e+02 2.3323311936e-01 4.1000829022e+02 1.4680603305e+01 -1.3995072517e-02 7.0312963160e-01
181                6.8531651969e+02 2.0144125594e-01 4.1199873871e+02 6.7061925018e+02 2.1457302127e-01 4.1129683496e+02 1.4697269507e+01 -1.3131765332e-02 7.0190374839e-01
182                6.8348565330e+02 1.7842045343e-01 4.1340435932e+02 6.6877579710e+02 1.9262810869e-01 4.1270538640e+02 1.4709856201e+01 -1.4207655252e-02 6.9897291929e-01
183                6.8168949083e+02 1.6620894762e-01 4.1488391975e+02 6.6695939541e+02 1.8079552778e-01 4.1418902593e+02 1.4730095424e+01 -1.4586580159e-02 6.9489382062e-01
184                6.7984803391e+02 1.4914096655e-01 4.1634603259e+02 6.6509883434e+02 1.6268037295e-01 4.1565452130e+02 1.4749199575e+01 -1.3539406404e-02 6.9151128830e-01
185                6.7796549306e+02 1.3629579402e-01 4.1761192425e+02 6.6320603975e+02 1.5099670090e-01 4.1691999250e+02 1.4759453307e+01 -1.4700906881e-02 6.9193174267e-01
186                6.7603944862e+02 1.3063093093e-01 4.1860500161e+02 6.6127755099e+02 1.4360242940e-01 4.1791063931e+02 1.4761897627e+01 -1.2971498475e-02 6.9436230679e-01
187                6.7444303373e+02 1.1572515628e-01 4.1949009093e+02 6.5966767945e+02 1.3051142779e-01 4.1879883057e+02 1.4775354277e+01 -1.4786271512e-02 6.9126036525e-01
188                6.7314874211e+02 1.1178256723e-01 4.2031779632e+02 6.5834862725e+02 1.2421604557e-01 4.1963208080e+02 1.4800114859e+01 -1.2433478340e-02 6.8571552625e-01
189                6.7192683779e+02 1.0945069149e-01 4.2086408692e+02 6.5712105860e+02 1.2231707650e-01 4.2017513764e+02 1.4805779195e+01 -1.2866385013e-02 6.8894927851e-01
190                6.7107390635e+02 9.9397676994e-02 4.2114959990e+02 6.5625648703e+02 1.1340164602e-01 4.2046445691e+02 1.4817419319e+01 -1.4003969025e-02 6.8514299136e-01
191                6.7028925726e+02 9.9970561938e-02 4.2100015039e+02 6.5547412774e+02 1.1431582294e-01 4.2030724705e+02 1.4815129529e+01 -1.4345261006e-02 6.9290333989e-01
192                6.6981806017e+02 1.0118818341e-01 4.2049460050e+02 6.5501067269e+02 1.1478985616e-01 4.1980131777e+02 1.4807387480e+01 -1.3601672748e-02 6.9328272978e-01
193                6.6975528288e+02 1.0236952166e-01 4.1991873605e+02 6.5494208733e+02 1.1563803527e-01 4.1922401570e+02 1.4813195558e+01 -1.3268513609e-02 6.9472034991e-01
194                6.7014090463e+02 1.0594364526e-01 4.1922817059e+02 6.5531730032e+02 1.2043732839e-01 4.1854046656e+02 1.4823604307e+01 -1.4493683137e-02 6.8770402810e-01
195                6.7050240958e+02 1.1837405481e-01 4.1836381115e+02 6.5568637291e+02 1.3149206204e-01 4.1767334292e+02 1.4816036665e+01 -1.3118007229e-02 6.9046822207e-01
196                6.7105295563e+02 1.3238557175e-01 4.1739931393e+02 6.5625502837e+02 1.4364085675e-01 4.1669655311e+02 1.4797927264e+01 -1.1255285005e-02 7.0276081360e-01
197                6.7214364800e+02 1.3738575879e-01 4.1635565886e+02 6.5733409354e+02 1.5130997284e-01 4.1566361409e+02 1.4809554458e+01 -1.3924214045e-02 6.9204476637e-01
198                6.7303442594e+02 1.4796858495e-01 4.1531178099e+02 6.5822850360e+02 1.6179802792e-01 4.1461619533e+02 1.4805922338e+01 -1.3829442975e-02 6.9558566270e-01
199                6.7403514194e+02 1.5798508054e-01 4.1428172956e+02 6.5924630196e+02 1.7259490385e-01 4.1358034721e+02 1.4788839974e+01 -1.4609823310e-02 7.0138235195e-01
200                6.7499654058e+02 1.6662111798e-01 4.1321999446e+02 6.6023424629e+02 1.8006539658e-01 4.1251161486e+02 1.4762294292e+01 -1.3444278606e-02 7.0837959784e-01
201                6.7641548206e+02 1.7421617002e-01 4.1258416080e+02 6.6163189893e+02 1.8712808231e-01 4.1188888085e+02 1.4783583122e+01 -1.2911912296e-02 6.9527994308e-01
202                6.7738136952e+02 1.8182991528e-01 4.1207806011e+02 6.6260958038e+02 1.9414080846e-01 4.1137145926e+02 1.4771789142e+01 -1.2310893184e-02 7.0660085028e-01
203                6.7849536602e+02 1.8586345925e-01 4.1176454436e+02 6.6373169335e+02 1.9904633436e-01 4.1106087358e+02 1.4763672667e+01 -1.3182875103e-02 7.0367078283e-01
204                6.7932714443e+02 1.9175177894e-01 4.1163519499e+02 6.6457489048e+02 2.0229836175e-01 4.1092803896e+02 1.4752253942e+01 -1.0546582818e-02 7.0715602212e-01
205                6.8005255572e+02 1.8740085391e-01 4.1167972281e+02 6.6532148931e+02 2.0103980300e-01 4.1096714889e+02 1.4731066408e+01 -1.3638949086e-02 7.1257391703e-01
206                6.8089434823e+02 1.9128529859e-01 4.1199751528e+02 6.6615535332e+02 2.0365160339e-01 4.1129039512e+02 1.4738994912e+01 -1.2366304804e-02 7.0712016457e-01
207                6.8148679670e+02 1.8611031654e-01 4.1251657603e+02 6.6674745151e+02 1.9634315144e-01 4.1180956070e+02 1.4739345189e+01 -1.0232834898e-02 7.0701532429e-01
208                6.8179623359e+02 1.8183522830e-01 4.1301456893e+02 6.6708054905e+02 1.9641032591e-01 4.1229802126e+02 1.4715684541e+01 -1.4575097607e-02 7.1654767476e-01
209                6.8230075872e+02 1.8439871571e-01 4.1362892374e+02 6.6758077620e+02 1.9695812596e-01 4.1291889046e+02 1.4719982513e+01 -1.2559410250e-02 7.1003328142e-01
210                6.8258079745e+02 1.8155546554e-01 4.1427008653e+02 6.6785965203e+02 1.9278304229e-01 4.1356143945e+02 1.4721145419e+01 -1.1227576754e-02 7.0864707876e-01
211                6.8257832789e+02 1.8298038789e-01 4.1475691192e+02 6.6787902328e+02 1.9579940622e-01 4.1404123153e+02 1.4699304610e+01 -1.2819018329e-02 7.1568039113e-01
212                6.8276966892e+02 1.8408122899e-01 4.1528397408e+02 6.6806797845e+02 1.9478736648e-01 4.1457046063e+02 1.4701690465e+01 -1.0706137493e-02 7.1351345295e-01
213                6.8280366321e+02 1.8341356725e-01 4.1571727647e+02 6.6809771620e+02 1.9601952596e-01 4.1500638760e+02 1.4705947010e+01 -1.2605958707e-02 7.1088886603e-01
214                6.8276616231e+02 1.8940880183e-01 4.1613593625e+02 6.6805988406e+02 2.0152189924e-01 4.1542534452e+02 1.4706278250e+01 -1.2113097410e-02 7.1059172691e-01
215                6.8255151263e+02 1.8470537716e-01 4.1640813562e+02 6.6785423380e+02 1.9674218169e-01 4.1569386012e+02 1.4697278835e+01 -1.2036804536e-02 7.1427549363e-01
216                6.8239976900e+02 1.7934052439e-01 4.1659473021e+02 6.6770168248e+02 1.9151880039e-01 4.1588334309e+02 1.4698086529e+01 -1.2178275998e-02 7.1138712399e-01
217                6.8205588752e+02 1.7681451984e-01 4.1674402308e+02 6.6735594574e+02 1.8939923492e-01 4.1603117523e+02 1.4699941788e+01 -1.2584715080e-02 7.1284784590e-01
218                6.8178026147e+02 1.7178762423e-01 4.1676975766e+02 6.6707767187e+02 1.8428437512e-01 4.1606097570e+02 1.4702589599e+01 -1.2496750890e-02 7.0878195593e-01
219                6.8129554303e+02 1.6751211887e-01 4.1670004631e+02 6.6658981414e+02 1.7894835589e-01 4.1599148248e+02 1.4705728894e+01 -1.1436237016e-02 7.0856382573e-01
220                6.8069801750e+02 1.6677817182e-01 4.1645425716e+02 6.6599962021e+02 1.7824849306e-01 4.1574445144e+02 1.4698397284e+01 -1.1470321235e-02 7.0980571113e-01
221                6.8029160388e+02 1.6272223542e-01 4.1626812326e+02 6.6557676621e+02 1.7464969144e-01 4.1556736300e+02 1.4714837674e+01 -1.1927456016e-02 7.0076025435e-01
222                6.7957287128e+02 1.5999547957e-01 4.1590245417e+02 6.6485875193e+02 1.7358292198e-01 4.1519725174e+02 1.4714119346e+01 -1.3587442404e-02 7.0520243076e-01
223                6.7893219397e+02 1.6002612171e-01 4.1550506048e+02 6.6421785962e+02 1.7003686544e-01 4.1480183401e+02 1.4714334346e+01 -1.0010743728e-02 7.0322647652e-01
224                6.7841336556e+02 1.4850673649e-01 4.1518411887e+02 6.6368175647e+02 1.5981906291e-01 4.1448765965e+02 1.4731609083e+01 -1.1312326423e-02 6.9645921926e-01
225                6.7780726858e+02 1.4830537122e-01 4.1489044114e+02 6.6306453138e+02 1.6138209474e-01 4.1419570328e+02 1.4742737196e+01 -1.3076723527e-02 6.9473786438e-01
226                6.7722623719e+02 1.4323810944e-01 4.1456423425e+02 6.6248091026e+02 1.5329525467e-01 4.1386906778e+02 1.4745326929e+01 -1.0057145230e-02 6.9516646258e-01
227                6.7660634156e+02 1.3456714664e-01 4.1415960337e+02 6.6186154359e+02 1.4570343829e-01 4.1346517027e+02 1.4744797970e+01 -1.1136291652e-02 6.9443310454e-01
228                6.7627052612e+02 1.2922495298e-01 4.1389868991e+02 6.6150772454e+02 1.4083247791e-01 4.1321069757e+02 1.4762801580e+01 -1.1607524924e-02 6.8799234204e-01
229                6.7578706411e+02 1.2690572366e-01 4.1361545004e+02 6.6101849419e+02 1.3758279781e-01 4.1292450839e+02 1.4768569920e+01 -1.0677074156e-02 6.9094165025e-01
230                6.7530198800e+02 1.1635680880e-01 4.1329773435e+02 6.6054249377e+02 1.2889499065e-01 4.1260303214e+02 1.4759494225e+01 -1.2538181852e-02 6.9470221415e-01
231                6.7511239876e+02 1.1343075996e-01 4.1320161627e+02 6.6033504303e+02 1.2456019818e-01 4.1251431063e+02 1.4777355734e+01 -1.1129438220e-02 6.8730564630e-01
232                6.7482581960e+02 1.1108762754e-01 4.1315205602e+02 6.6004650190e+02 1.2140459277e-01 4.1246189430e+02 1.4779317694e+01 -1.0316965225e-02 6.9016171978e-01
233                6.7454150749e+02 1.0470129466e-01 4.1317614416e+02 6.5976867217e+02 1.1752764842e-01 4.1248258924e+02 1.4772835319e+01 -1.2826353765e-02 6.9355492554e-01
234                6.7451213528e+02 1.0689188116e-01 4.1334645042e+02 6.5972965197e+02 1.1700023773e-01 4.1265551984e+02 1.4782483313e+01 -1.0108356568e-02 6.9093058083e-01
235                6.7456128363e+02 1.0822128455e-01 4.1364299653e+02 6.5976777636e+02 1.1986096936e-01 4.1295627741e+02 1.4793507270e+01 -1.1639684815e-02 6.8671912428e-01
236                6.7437358647e+02 1.0854894234e-01 4.1389534276e+02 6.5959201963e+02 1.2160819727e-01 4.1319839605e+02 1.4781566840e+01 -1.3059254929e-02 6.9694671225e-01
237                6.7441571706e+02 1.1641449174e-01 4.1407623646e+02 6.5964112921e+02 1.2633784078e-01 4.1337756997e+02 1.4774587845e+01 -9.9233490415e-03 6.9866648878e-01
238                6.7477042680e+02 1.1676316489e-01 4.1437401955e+02 6.5998064744e+02 1.2818741521e-01 4.1368207007e+02 1.4789779364e+01 -1.1424250321e-02 6.9194947380e-01
239                6.7492512691e+02 1.2752067200e-01 4.1460739985e+02 6.6014244861e+02 1.4136410920e-01 4.1390850631e+02 1.4782678309e+01 -1.3843437196e-02 6.9889354403e-01
240                6.7514632381e+02 1.3315107835e-01 4.1465570302e+02 6.6038718024e+02 1.4508512784e-01 4.1395042766e+02 1.4759143561e+01 -1.1934049495e-02 7.0527536400e-01
241                6.7578914210e+02 1.3863597959e-01 4.1481917479e+02 6.6101382476e+02 1.5007164509e-01 4.1412254690e+02 1.4775317338e+01 -1.1435665500e-02 6.9662789173e-01
242                6.7610233841e+02 1.4682091079e-01 4.1487181790e+02 6.6134117739e+02 1.5691807922e-01 4.1416602423e+02 1.4761161028e+01 -1.0097168427e-02 7.0579367370e-01
243                6.7667289088e+02 1.4282450524e-01 4.1491062445e+02 6.6191835228e+02 1.5499257144e-01 4.1420393394e+02 1.4754538596e+01 -1.2168066203e-02 7.0669051447e-01
244                6.7728860876e+02 1.5150863299e-01 4.1494283959e+02 6.6253091222e+02 1.6397158672e-01 4.1423687257e+02 1.4757696542e+01 -1.2462953732e-02 7.0596701589e-01
245                6.7774959343e+02 1.5635487504e-01 4.1490019487e+02 6.6301027299e+02 1.6534414843e-01 4.1418768966e+02 1.4739320434e+01 -8.9892733855e-03 7.1250520631e-01
246                6.7848143240e+02 1.5082221460e-01 4.1502212011e+02 6.6373531519e+02 1.6236419304e-01 4.1431708651e+02 1.4746117206e+01 -1.1541978441e-02 7.0503359459e-01
247                6.7911633023e+02 1.5075504601e-01 4.1520589240e+02 6.6436735183e+02 1.6344035070e-01 4.1450203233e+02 1.4748978395e+01 -1.2685304687e-02 7.0386007332e-01
248                6.7945433612e+02 1.4942521333e-01 4.1524555001e+02 6.6472750632e+02 1.5994944580e-01 4.1453345651e+02 1.4726829803e+01 -1.0524232469e-02 7.1209349307e-01
249                6.8000755962e+02 1.4491532213e-01 4.1537450388e+02 6.6527903248e+02 1.5571065320e-01 4.1466417388e+02 1.4728527138e+01 -1.0795331075e-02 7.1032999557e-01
250                6.8032950694e+02 1.4131781724e-01 4.1536520695e+02 6.6560626784e+02 1.5419892499e-01 4.1465262375e+02 1.4723239096e+01 -1.2881107752e-02 7.1258320246e-01
251                6.8066827005e+02 1.4354485524e-01 4.1539299491e+02 6.6594551847e+02 1.5504330379e-01 4.1468378828e+02 1.4722751581e+01 -1.1498448548e-02 7.0920663132e-01
252                6.8086368560e+02 1.3771016072e-01 4.1542282391e+02 6.6614043248e+02 1.4932912662e-01 4.1471347544e+02 1.4723253115e+01 -1.1618965906e-02 7.0934847075e-01
253                6.8097933945e+02 1.4092648948e-01 4.1542822790e+02 6.6625883242e+02 1.5325689000e-01 4.1471797055e+02 1.4720507035e+01 -1.2330400521e-02 7.1025735239e-01
254                6.8097383910e+02 1.4048842567e-01 4.1535818858e+02 6.6626111094e+02 1.5154630030e-01 4.1464829950e+02 1.4712728159e+01 -1.1057874632e-02 7.0988907843e-01
255                6.8097043510e+02 1.3893607454e-01 4.1534669846e+02 6.6625321305e+02 1.5150772562e-01 4.1463819976e+02 1.4717222043e+01 -1.2571651082e-02 7.0849869289e-01
256                6.8086682535e+02 1.3655825589e-01 4.1527163016e+02 6.6615146385e+02 1.4873801114e-01 4.1456247855e+02 1.4715361499e+01 -1.2179755242e-02 7.0915161257e-01
257                6.8071541449e+02 1.4206692185e-01 4.1522307968e+02 6.6599585803e+02 1.5348061520e-01 4.1451684819e+02 1.4719556458e+01 -1.1413693351e-02 7.0623149349e-01
258                6.8038938775e+02 1.3530362750e-01 4.1509610976e+02 6.6567674439e+02 1.4623341405e-01 4.1438281694e+02 1.4712643359e+01 -1.0929786546e-02 7.1329281924e-01
259                6.8020573465e+02 1.3199058969e-01 4.1494103275e+02 6.6548743368e+02 1.4396349154e-01 4.1423460601e+02 1.4718300962e+01 -1.1972901854e-02 7.0642673491e-01
260                6.7987205814e+02 1.3361932118e-01 4.1477052500e+02 6.6514905212e+02 1.4444843232e-01 4.1406499870e+02 1.4723006018e+01 -1.0829111137e-02 7.0552630234e-01
261                6.7949207815e+02 1.2449181537e-01 4.1453408366e+02 6.6477238805e+02 1.3645902694e-01 4.1382757255e+02 1.4719690099e+01 -1.1967211570e-02 7.0651110959e-01
262                6.7923896472e+02 1.2789668520e-01 4.1432037152e+02 6.6451069879e+02 1.3907668118e-01 4.1361923207e+02 1.4728265929e+01 -1.1179995983e-02 7.0113945426e-01
263                6.7887175349e+02 1.2465622377e-01 4.1407681857e+02 6.6414306616e+02 1.3544821015e-01 4.1337207128e+02 1.4728687339e+01 -1.0791986377e-02 7.0474729223e-01
264                6.7860945738e+02 1.2118790085e-01 4.1385219086e+02 6.6387599975e+02 1.3308539758e-01 4.1315147497e+02 1.4733457631e+01 -1.1897496732e-02 7.0071589421e-01
265                6.7833839576e+02 1.2551181181e-01 4.1368916363e+02 6.6359440817e+02 1.3536342209e-01 4.1299185207e+02 1.4743987590e+01 -9.8516102836e-03 6.9731156021e-01
266                6.7791792669e+02 1.2534344769e-01 4.1347076966e+02 6.6318056451e+02 1.3583789632e-01 4.1277088245e+02 1.4737362178e+01 -1.0494448626e-02 6.9988720797e-01
267                6.7774687991e+02 1.2432089963e-01 4.1340424568e+02 6.6299740442e+02 1.3369363449e-01 4.1270834347e+02 1.4749475489e+01 -9.3727348596e-03 6.9590220822e-01
268                6.7737715541e+02 1.2269009999e-01 4.1329811352e+02 6.6262664261e+02 1.3374373106e-01 4.1260125846e+02 1.4750512799e+01 -1.1053631065e-02 6.9685506479e-01
269                6.7725144992e+02 1.2301571414e-01 4.1336882546e+02 6.6248758236e+02 1.3420468028e-01 4.1267767379e+02 1.4763867559e+01 -1.1188966142e-02 6.9115166848e-01
270                6.7682446852e+02 1.2610958038e-01 4.1337557243e+02 6.6206947684e+02 1.3607276196e-01 4.1267511860e+02 1.4754991679e+01 -9.9631815787e-03 7.0045383414e-01
271                6.7658800303e+02 1.1585567927e-01 4.1343443219e+02 6.6183458672e+02 1.2738403144e-01 4.1273542064e+02 1.4753416314e+01 -1.1528352168e-02 6.9901154190e-01
272                6.7648438182e+02 1.1900208870e-01 4.1367155926e+02 6.6171259165e+02 1.3045704996e-01 4.1298073396e+02 1.4771790165e+01 -1.1454961259e-02 6.9082530185e-01
273                6.7618875382e+02 1.2045457604e-01 4.1389085021e+02 6.6141952801e+02 1.3010509835e-01 4.1319359038e+02 1.4769225805e+01 -9.6505223073e-03 6.9725982901e-01
274                6.7597103914e+02 1.1525075958e-01 4.1406008647e+02 6.6120913757e+02 1.2724974614e-01 4.1336176209e+02 1.4761901570e+01 -1.1998986562e-02 6.9832437475e-01
275                6.7580018097e+02 1.2034524689e-01 4.1427144025e+02 6.6104114922e+02 1.3023270033e-01 4.1357192586e+02 1.4759031750e+01 -9.8874534319e-03 6.9951438616e-01
276                6.7589395466e+02 1.1982960815e-01 4.1462202374e+02 6.6112173481e+02 1.3255585263e-01 4.1392716364e+02 1.4772219851e+01 -1.2726244480e-02 6.9486009448e-01
277                6.7601709639e+02 1.1868856582e-01 4.1501049547e+02 6.6123626252e+02 1.3062020954e-01 4.1431655563e+02 1.4780833870e+01 -1.1931643719e-02 6.9393984502e-01
278                6.7602127152e+02 1.2841314367e-01 4.1530313422e+02 6.6124413931e+02 1.3822968263e-01 4.1460630847e+02 1.4777132204e+01 -9.8165389606e-03 6.9682575597e-01
279                6.7600147049e+02 1.2871969800e-01 4.1543524610e+02 6.6124179536e+02 1.4160387413e-01 4.1473069233e+02 1.4759675132e+01 -1.2884176128e-02 7.0455376634e-01
280                6.7625006984e+02 1.3610620195e-01 4.1554116712e+02 6.6148882609e+02 1.4736348268e-01 4.1484052502e+02 1.4761243754e+01 -1.1257280724e-02 7.0064209958e-01
281                6.7650817779e+02 1.3153288700e-01 4.1566645192e+02 6.6174268641e+02 1.4311574857e-01 4.1496715954e+02 1.4765491381e+01 -1.1582861568e-02 6.9929238396e-01
282                6.7674227121e+02 1.3697529899e-01 4.1573879268e+02 6.6198406060e+02 1.4993045527e-01 4.1503416930e+02 1.4758210614e+01 -1.2955156281e-02 7.0462338316e-01
283                6.7696002966e+02 1.4021270712e-01 4.1565469116e+02 6.6221572936e+02 1.4989616874e-01 4.1494610300e+02 1.4744300301e+01 -9.6834616243e-03 7.0858816430e-01
284                6.7748733805e+02 1.3735801764e-01 4.1570008465e+02 6.6273056892e+02 1.4908957544e-01 4.1499966006e+02 1.4756769130e+01 -1.1731557802e-02 7.0042458579e-01
285                6.7766059024e+02 1.4021248023e-01 4.1562827239e+02 6.6291663783e+02 1.5370997229e-01 4.1491855530e+02 1.4743952413e+01 -1.3497492054e-02 7.0971709572e-01
286                6.7806457896e+02 1.4175408385e-01 4.1549221402e+02 6.6332911256e+02 1.5332767382e-01 4.1478433893e+02 1.4735466402e+01 -1.1573589971e-02 7.0787509279e-01
287                6.7851328658e+02 1.3829959760e-01 4.1540265178e+02 6.6377017717e+02 1.5004207146e-01 4.1469905882e+02 1.4743109408e+01 -1.1742473864e-02 7.0359295963e-01
288                6.7864982926e+02 1.4429255592e-01 4.1521887862e+02 6.6393042367e+02 1.5398478949e-01 4.1450479822e+02 1.4719405588e+01 -9.6922335686e-03 7.1408040208e-01
289                6.7916395783e+02 1.3800466183e-01 4.1512633553e+02 6.6443577785e+02 1.4929790683e-01 4.1442000994e+02 1.4728179980e+01 -1.1293245002e-02 7.0632558571e-01
290                6.7943566827e+02 1.4227163310e-01 4.1507338143e+02 6.6469944450e+02 1.5480268583e-01 4.1436585413e+02 1.4736223766e+01 -1.2531052732e-02 7.0752729807e-01
291                6.7969304565e+02 1.4363092662e-01 4.1497199571e+02 6.6496513117e+02 1.5486234771e-01 4.1426505235e+02 1.4727914481e+01 -1.1231421098e-02 7.0694336103e-01
292                6.7976988512e+02 1.3739312780e-01 4.1487796969e+02 6.6505526668e+02 1.5007667454e-01 4.1416564761e+02 1.4714618445e+01 -1.2683546742e-02 7.1232208842e-01
293                6.8016912264e+02 1.3709606564e-01 4.1494609848e+02 6.6543856091e+02 1.4920385429e-01 4.1424312147e+02 1.4730561723e+01 -1.2107788651e-02 7.0297700614e-01
294                6.8009089199e+02 1.3929756745e-01 4.1490824890e+02 6.6536465815e+02 1.4921459809e-01 4.1419917476e+02 1.4726233845e+01 -9.9170306364e-03 7.0907413644e-01
295                6.8007651857e+02 1.3529091187e-01 4.1488193082e+02 6.6535985915e+02 1.4800562564e-01 4.1417286121e+02 1.4716659426e+01 -1.2714713776e-02 7.0906961166e-01
296                6.8012051919e+02 1.3926687374e-01 4.1492561152e+02 6.6539517864e+02 1.5097262375e-01 4.1422225193e+02 1.4725340550e+01 -1.1705750008e-02 7.0335959004e-01
297                6.8004726680e+02 1.3575346168e-01 4.1499410474e+02 6.6531843877e+02 1.4711824552e-01 4.1429196240e+02 1.4728828028e+01 -1.1364783838e-02 7.0214233625e-01
298                6.7965437508e+02 1.4164113421e-01 4.1496517992e+02 6.6494695131e+02 1.5217736859e-01 4.1425314457e+02 1.4707423764e+01 -1.0536234384e-02 7.1203535650e-01
299                6.7970035183e+02 1.3787946812e-01 4.1507721389e+02 6.6497428378e+02 1.4904067170e-01 4.1437608773e+02 1.4726068048e+01 -1.1161203576e-02 7.0112615799e-01
300                6.7933366243e+02 1.4110217650e-01 4.1509493075e+02 6.6460298150e+02 1.5395184557e-01 4.1439085102e+02 1.4730680925e+01 -1.2849669062e-02 7.0407973007e-01
