# Moment          
# CofR            : (-1.4000000000e+00 0.0000000000e+00 0.0000000000e+00)
#
# Time            	total_x total_y total_z	pressure_x pressure_y pressure_z	viscous_x viscous_y viscous_z
1                  -1.7306253446e-02 1.6889125734e+03 2.4974682167e-02 -1.7606007339e-02 1.6823173405e+03 2.0193282990e-02 2.9975389270e-04 6.5952328568e+00 4.7813991769e-03
2                  1.6600034142e-02 1.9273046406e+03 -5.8512495505e-02 1.4606356363e-02 1.9207012334e+03 -6.4490537778e-02 1.9936777783e-03 6.6034072337e+00 5.9780422728e-03
3                  -1.3908497280e-01 1.5941255928e+03 -1.0069744941e-01 -1.4299956772e-01 1.5875491068e+03 -1.0769111194e-01 3.9145949197e-03 6.5764860022e+00 6.9936625272e-03
4                  -1.4286244162e-01 9.5104327926e+02 1.1412690428e-01 -1.4917590782e-01 9.4450481408e+02 1.0419342167e-01 6.3134662024e-03 6.5384651751e+00 9.9334826097e-03
5                  2.4856480378e-01 2.7113079167e+02 6.2570677299e-01 2.4049938685e-01 2.6460791703e+02 6.1539197452e-01 8.0654169286e-03 6.5228746339e+00 1.0314798476e-02
6                  6.5480103033e-01 -2.9157997462e+02 7.3595266531e-01 6.4559617426e-01 -2.9809490072e+02 7.2590846930e-01 9.2048560648e-03 6.5149260905e+00 1.0044196009e-02
7                  9.7992115574e-01 -6.5277511361e+02 8.1443758408e-01 9.6885259101e-01 -6.5927478173e+02 8.0170018406e-01 1.1068564726e-02 6.4996681258e+00 1.2737400019e-02
8                  1.3234854740e+00 -7.8572281740e+02 1.0450886698e+00 1.3115237063e+00 -7.9208629684e+02 1.0317786460e+00 1.1961767708e-02 6.3634794417e+00 1.3310023849e-02
9                  1.5653127641e+00 -7.3603116222e+02 1.3095259411e+00 1.5529086484e+00 -7.4240692290e+02 1.2927290980e+00 1.2404115669e-02 6.3757606761e+00 1.6796843129e-02
10                 1.7344593333e+00 -5.6573330860e+02 1.3836120392e+00 1.7221385574e+00 -5.7220441846e+02 1.3658311572e+00 1.2320775912e-02 6.4711098663e+00 1.7780881964e-02
11                 1.7877744254e+00 -3.4211971162e+02 1.3404048564e+00 1.7762279488e+00 -3.4872834062e+02 1.3255553680e+00 1.1546476560e-02 6.6086289916e+00 1.4849488438e-02
12                 1.5774413744e+00 -1.2588757646e+02 1.1347345603e+00 1.5675652245e+00 -1.3268148262e+02 1.1156927536e+00 9.8761498760e-03 6.7939061588e+00 1.9041806767e-02
13                 1.2021105892e+00 4.5609740347e+01 6.7115264917e-01 1.1934932550e+00 3.8575571543e+01 6.5300730482e-01 8.6173342492e-03 7.0341688038e+00 1.8145344352e-02
14                 5.7337995191e-01 1.6073496678e+02 -1.6274019481e-04 5.6507832848e-01 1.5341859258e+02 -1.8518935738e-02 8.3016234239e-03 7.3163741951e+00 1.8356195544e-02
15                 2.1818020963e-02 2.1617493232e+02 -6.5372614275e-01 1.3705152127e-02 2.0862195849e+02 -6.7301643909e-01 8.1128688351e-03 7.5529738337e+00 1.9290296341e-02
16                 -4.5010607878e-01 2.2745698557e+02 -1.2085673523e+00 -4.5419965787e-01 2.1971405289e+02 -1.2290642230e+00 4.0935790958e-03 7.7429326729e+00 2.0496870771e-02
17                 -7.3239085693e-01 2.0667252193e+02 -1.8026749209e+00 -7.3958228524e-01 1.9880044838e+02 -1.8300107302e+00 7.1914283169e-03 7.8720735548e+00 2.7335809317e-02
18                 -8.5634116399e-01 1.6558610831e+02 -2.4736794378e+00 -8.6394041831e-01 1.5764278603e+02 -2.5021043721e+00 7.5992543156e-03 7.9433222801e+00 2.8424934342e-02
19                 -8.8853272737e-01 1.1424154706e+02 -3.2259323733e+00 -8.9767343331e-01 1.0623337513e+02 -3.2491246614e+00 9.1407059351e-03 8.0081719247e+00 2.3192288141e-02
20                 -7.9604740965e-01 6.0002730176e+01 -3.6651860370e+00 -8.0485603207e-01 5.1911883134e+01 -3.6821568186e+00 8.8086224240e-03 8.0908470416e+00 1.6970781610e-02
21                 -4.8617686643e-01 1.1844203354e+01 -3.8740466173e+00 -4.9478441670e-01 3.6301037256e+00 -3.8868048809e+00 8.6075502677e-03 8.2140996289e+00 1.2758263606e-02
22                 -4.2743162699e-02 -2.9415191973e+01 -4.1844289571e+00 -5.1506118165e-02 -3.7748864358e+01 -4.1994068517e+00 8.7629554659e-03 8.3336723849e+00 1.4977894588e-02
23                 4.0641352487e-01 -6.4149947384e+01 -4.4730697907e+00 3.9756732003e-01 -7.2608140260e+01 -4.4864204159e+00 8.8462048325e-03 8.4581928754e+00 1.3350625191e-02
24                 9.0249743182e-01 -9.2963051040e+01 -4.6561438095e+00 8.9517305724e-01 -1.0155039945e+02 -4.6697967363e+00 7.3243745836e-03 8.5873484064e+00 1.3652926804e-02
25                 1.2636103095e+00 -1.1928435384e+02 -4.7640636243e+00 1.2564418529e+00 -1.2799507025e+02 -4.7785252427e+00 7.1684565604e-03 8.7107164126e+00 1.4461618471e-02
26                 1.5728316665e+00 -1.4607172389e+02 -4.7278241437e+00 1.5651675836e+00 -1.5490076911e+02 -4.7397897554e+00 7.6640829433e-03 8.8290452206e+00 1.1965611668e-02
27                 1.7923529552e+00 -1.7464358853e+02 -4.6404492400e+00 1.7836922706e+00 -1.8360533279e+02 -4.6478260933e+00 8.6606846133e-03 8.9617442655e+00 7.3768532951e-03
28                 1.7903463689e+00 -2.0693038167e+02 -4.2167771478e+00 1.7817333975e+00 -2.1603323253e+02 -4.2186003734e+00 8.6129713407e-03 9.1028508635e+00 1.8232256368e-03
29                 1.5826685484e+00 -2.4178839924e+02 -3.6295905060e+00 1.5738905916e+00 -2.5107568919e+02 -3.6338607999e+00 8.7779567424e-03 9.2872899520e+00 4.2702938354e-03
30                 1.2678732136e+00 -2.7643708237e+02 -3.0413259143e+00 1.2567035024e+00 -2.8590863386e+02 -3.0334221192e+00 1.1169711213e-02 9.4715514915e+00 -7.9037951143e-03
31                 9.7957609130e-01 -3.0848239300e+02 -2.4940566094e+00 9.7011307849e-01 -3.1816470819e+02 -2.4932009753e+00 9.4630128043e-03 9.6823151886e+00 -8.5563412107e-04
32                 7.0973863360e-01 -3.3632485367e+02 -2.0170841428e+00 6.9636433513e-01 -3.4625925534e+02 -2.0090397815e+00 1.3374298470e-02 9.9344016712e+00 -8.0443613775e-03
33                 5.5990761302e-01 -3.6240021881e+02 -1.7582721140e+00 5.4774235647e-01 -3.7258464454e+02 -1.7598075325e+00 1.2165256553e-02 1.0184425726e+01 1.5354185522e-03
34                 5.1829807278e-01 -3.8780561677e+02 -1.6247072727e+00 5.0386896045e-01 -3.9818146890e+02 -1.6120341995e+00 1.4429112327e-02 1.0375852127e+01 -1.2673073179e-02
35                 5.5652054350e-01 -4.1412300038e+02 -1.5205624598e+00 5.4303558713e-01 -4.2469811172e+02 -1.5124375392e+00 1.3484956370e-02 1.0575111341e+01 -8.1249206020e-03
36                 6.0625461987e-01 -4.4163072475e+02 -1.2950542043e+00 5.9150309588e-01 -4.5234770080e+02 -1.2851280102e+00 1.4751523986e-02 1.0716976047e+01 -9.9261941428e-03
37                 6.4172448815e-01 -4.7026692933e+02 -9.6652862431e-01 6.2715602464e-01 -4.8108648109e+02 -9.5524252659e-01 1.4568463508e-02 1.0819551756e+01 -1.1286097714e-02
38                 6.6238119150e-01 -5.0047022390e+02 -5.5623226401e-01 6.4768479348e-01 -5.1133027051e+02 -5.4555565216e-01 1.4696398020e-02 1.0860046613e+01 -1.0676611853e-02
39                 6.2624822895e-01 -5.3147723607e+02 -4.8270990535e-02 6.1161235332e-01 -5.4231342841e+02 -3.8064343932e-02 1.4635875631e-02 1.0836192334e+01 -1.0206646603e-02
40                 5.5703826956e-01 -5.6310239475e+02 5.4410468143e-01 5.4244148285e-01 -5.7387247473e+02 5.5470857148e-01 1.4596786707e-02 1.0770079978e+01 -1.0603890050e-02
41                 4.8571304047e-01 -5.9383997589e+02 1.1662152517e+00 4.7145245710e-01 -6.0447532017e+02 1.1712076411e+00 1.4260583367e-02 1.0635344281e+01 -4.9923894569e-03
42                 4.0567716599e-01 -6.2184729645e+02 1.8016192635e+00 3.9183489622e-01 -6.3229248910e+02 1.8030203190e+00 1.3842269768e-02 1.0445192646e+01 -1.4010555303e-03
43                 2.9797794841e-01 -6.4339294838e+02 2.4325787569e+00 2.8446974958e-01 -6.5363320087e+02 2.4305667047e+00 1.3508198830e-02 1.0240252488e+01 2.0120521409e-03
44                 2.1480926176e-01 -6.5891748965e+02 2.9004406671e+00 2.0170815145e-01 -6.6896754281e+02 2.8952266875e+00 1.3101110318e-02 1.0050053159e+01 5.2139796468e-03
45                 1.6708332202e-01 -6.6804291958e+02 3.1253120852e+00 1.5438643530e-01 -6.7795071892e+02 3.1175694741e+00 1.2696886725e-02 9.9077993420e+00 7.7426111037e-03
46                 1.9206686444e-01 -6.6984548244e+02 3.0029738426e+00 1.7957598474e-01 -6.7967001085e+02 2.9942654212e+00 1.2490879706e-02 9.8245284168e+00 8.7084214229e-03
47                 2.5349654020e-01 -6.6388556126e+02 2.6500450367e+00 2.4087169556e-01 -6.7363697794e+02 2.6406749305e+00 1.2624844643e-02 9.7514166784e+00 9.3701061641e-03
48                 3.5967081409e-01 -6.5018722305e+02 2.1139559655e+00 3.4658245344e-01 -6.5990001256e+02 2.1050314323e+00 1.3088360652e-02 9.7127895084e+00 8.9245331944e-03
49                 4.7270830197e-01 -6.2973767686e+02 1.5664110964e+00 4.5916427756e-01 -6.3942030021e+02 1.5585349000e+00 1.3544024410e-02 9.6826233485e+00 7.8761964533e-03
50                 5.3782647609e-01 -6.0507811653e+02 1.1545264842e+00 5.2365229241e-01 -6.1473261019e+02 1.1482909773e+00 1.4174183686e-02 9.6544936595e+00 6.2355068924e-03
51                 5.4298470985e-01 -5.7917455107e+02 9.7069875928e-01 5.2813250027e-01 -5.8880025333e+02 9.6597952722e-01 1.4852209573e-02 9.6257022616e+00 4.7192320620e-03
52                 5.0623782224e-01 -5.5328294169e+02 9.7256377510e-01 4.9081754847e-01 -5.6289568462e+02 9.6971455280e-01 1.5420273773e-02 9.6127429238e+00 2.8492222998e-03
53                 4.6027155329e-01 -5.2888573362e+02 1.0426333899e+00 4.4461742134e-01 -5.3849079639e+02 1.0408970505e+00 1.5654131949e-02 9.6050627700e+00 1.7363394828e-03
54                 4.3050156987e-01 -5.0667896055e+02 1.1139312255e+00 4.1490874651e-01 -5.1627578027e+02 1.1121730835e+00 1.5592823362e-02 9.5968197152e+00 1.7581420219e-03
55                 4.1020094684e-01 -4.8717544140e+02 1.1458468482e+00 3.9479208361e-01 -4.9676080844e+02 1.1445630007e+00 1.5408863229e-02 9.5853670396e+00 1.2838475283e-03
56                 4.0865104122e-01 -4.7121034153e+02 1.1162794987e+00 3.9385757491e-01 -4.8078474549e+02 1.1135507034e+00 1.4793466315e-02 9.5744039575e+00 2.7287953180e-03
57                 4.2176425187e-01 -4.5929992313e+02 1.0517365817e+00 4.0761128210e-01 -4.6885614056e+02 1.0488291843e+00 1.4152969771e-02 9.5562174356e+00 2.9073973951e-03
58                 4.4044028915e-01 -4.5115010635e+02 9.7718545021e-01 4.2756861322e-01 -4.6069781410e+02 9.7079991472e-01 1.2871675928e-02 9.5477077499e+00 6.3855354878e-03
59                 4.6267613113e-01 -4.4587387532e+02 8.9892076242e-01 4.5048194929e-01 -4.5540112308e+02 8.9277355603e-01 1.2194181849e-02 9.5272477653e+00 6.1472063895e-03
60                 4.8204422064e-01 -4.4338057582e+02 8.1544779650e-01 4.7092526072e-01 -4.5291007975e+02 8.0623049350e-01 1.1118959918e-02 9.5295039277e+00 9.2173030079e-03
61                 4.8731682620e-01 -4.4371123416e+02 7.3531233290e-01 4.7738838856e-01 -4.5322697435e+02 7.2189885246e-01 9.9284376441e-03 9.5157401899e+00 1.3413480442e-02
62                 4.7688968906e-01 -4.4744291694e+02 6.6158123083e-01 4.6671954832e-01 -4.5697727778e+02 6.5167564605e-01 1.0170140735e-02 9.5343608421e+00 9.9055847843e-03
63                 4.4175293616e-01 -4.5469784047e+02 6.2397628029e-01 4.3178563145e-01 -4.6424063626e+02 6.1233249295e-01 9.9673047195e-03 9.5427957865e+00 1.1643787338e-02
64                 4.0514937068e-01 -4.6624060725e+02 6.0452552035e-01 3.9531850399e-01 -4.7582606752e+02 5.9470208998e-01 9.8308666881e-03 9.5854602726e+00 9.8234303785e-03
65                 3.8197285648e-01 -4.8165667524e+02 6.0843509757e-01 3.7244394653e-01 -4.9127987371e+02 5.9759717961e-01 9.5289099478e-03 9.6231984645e+00 1.0837917955e-02
66                 3.6084810376e-01 -5.0075228135e+02 6.3314969173e-01 3.5117690875e-01 -5.1043097155e+02 6.1857043180e-01 9.6711950120e-03 9.6786901956e+00 1.4579259933e-02
67                 3.5101541249e-01 -5.2242839331e+02 6.2531484235e-01 3.4080954937e-01 -5.3218388563e+02 6.1889052363e-01 1.0205863125e-02 9.7554923163e+00 6.4243187176e-03
68                 3.5243369456e-01 -5.4387899663e+02 6.2495585631e-01 3.4194822430e-01 -5.5374130467e+02 6.1053695802e-01 1.0485470263e-02 9.8623080401e+00 1.4418898292e-02
69                 3.7268012042e-01 -5.6405519804e+02 5.8144407886e-01 3.6192089985e-01 -5.7400925437e+02 5.7502362140e-01 1.0759220569e-02 9.9540563261e+00 6.4204574568e-03
70                 3.8765488159e-01 -5.8295209735e+02 5.6707854495e-01 3.7576590596e-01 -5.9302790636e+02 5.5577762463e-01 1.1888975634e-02 1.0075809013e+01 1.1300920319e-02
71                 4.1962425734e-01 -6.0079934549e+02 4.9917589003e-01 4.0848036270e-01 -6.1098597396e+02 4.9123182554e-01 1.1143894638e-02 1.0186628466e+01 7.9440644970e-03
72                 4.4005590775e-01 -6.1711835052e+02 4.6093095961e-01 4.2685029899e-01 -6.2738764245e+02 4.5303321910e-01 1.3205608758e-02 1.0269291926e+01 7.8977405074e-03
73                 4.8683149231e-01 -6.3101523227e+02 3.6428776255e-01 4.7511092008e-01 -6.4143088114e+02 3.5019863556e-01 1.1720572227e-02 1.0415648867e+01 1.4089126987e-02
74                 5.4069764631e-01 -6.4175327460e+02 2.4622856083e-01 5.2902113018e-01 -6.5227811859e+02 2.3720170707e-01 1.1676516135e-02 1.0524843993e+01 9.0268537574e-03
75                 5.7498146712e-01 -6.4926335175e+02 1.5520679846e-01 5.6107148164e-01 -6.5986774987e+02 1.4544096124e-01 1.3909985482e-02 1.0604398122e+01 9.7658372175e-03
76                 6.1527922582e-01 -6.5503215547e+02 1.1017436693e-02 6.0438559655e-01 -6.6570544085e+02 2.1470669918e-03 1.0893629269e-02 1.0673285380e+01 8.8703697009e-03
77                 6.4694365559e-01 -6.6034704392e+02 -7.3115224126e-02 6.3348619744e-01 -6.7112150732e+02 -7.9117328672e-02 1.3457458147e-02 1.0774463391e+01 6.0021045461e-03
78                 6.7537599811e-01 -6.6477538798e+02 -1.4739933880e-01 6.6113349073e-01 -6.7557709781e+02 -1.5367080980e-01 1.4242507380e-02 1.0801709829e+01 6.2714710029e-03
79                 7.1143658802e-01 -6.6718186273e+02 -2.0170372913e-01 6.9738218679e-01 -6.7797819565e+02 -2.0970498169e-01 1.4054401229e-02 1.0796332929e+01 8.0012525578e-03
80                 7.5161589835e-01 -6.6731347328e+02 -2.3156319679e-01 7.3716909525e-01 -6.7809222831e+02 -2.3943138527e-01 1.4446803104e-02 1.0778755032e+01 7.8681884817e-03
81                 7.9004164709e-01 -6.6526993978e+02 -2.4666816881e-01 7.7581465336e-01 -6.7600362662e+02 -2.5373103708e-01 1.4226993726e-02 1.0733686839e+01 7.0628682683e-03
82                 8.1035246674e-01 -6.6164818355e+02 -2.1429467079e-01 7.9486750773e-01 -6.7229122075e+02 -2.2214975963e-01 1.5484959008e-02 1.0643037201e+01 7.8550888337e-03
83                 8.3054923276e-01 -6.5733998643e+02 -1.9022757084e-01 8.1514785270e-01 -6.6789512245e+02 -1.9572927237e-01 1.5401380056e-02 1.0555136019e+01 5.5017015319e-03
84                 8.4467238380e-01 -6.5301520762e+02 -1.5155499596e-01 8.2867028557e-01 -6.6346526827e+02 -1.5757586927e-01 1.6002098229e-02 1.0450060649e+01 6.0208733098e-03
85                 8.5751085816e-01 -6.4845255755e+02 -1.2170145452e-01 8.4119050342e-01 -6.5876595182e+02 -1.2682027906e-01 1.6320354741e-02 1.0313394266e+01 5.1188245427e-03
86                 8.6459836598e-01 -6.4319716882e+02 -8.8513191547e-02 8.4743634746e-01 -6.5336957831e+02 -9.2850688726e-02 1.7162018516e-02 1.0172409494e+01 4.3374971786e-03
87                 8.6848171801e-01 -6.3646880705e+02 -6.1504690693e-02 8.5125368114e-01 -6.4649887714e+02 -6.5671756514e-02 1.7228036870e-02 1.0030070085e+01 4.1670658211e-03
88                 8.6055972362e-01 -6.2766193057e+02 -3.2568150930e-02 8.4341829813e-01 -6.3753239022e+02 -3.7032135125e-02 1.7141425492e-02 9.8704596433e+00 4.4639841949e-03
89                 8.4559067084e-01 -6.1643036072e+02 5.8708859086e-03 8.2807632127e-01 -6.2619283366e+02 2.2647343397e-03 1.7514349571e-02 9.7624729413e+00 3.6061515689e-03
90                 8.2456239696e-01 -6.0336635944e+02 4.1011762510e-02 8.0697427739e-01 -6.1299935900e+02 3.9984452532e-02 1.7588119574e-02 9.6329995553e+00 1.0273099787e-03
91                 8.0207489393e-01 -5.8886208774e+02 7.4417850795e-02 7.8407145602e-01 -5.9842248633e+02 7.2735026324e-02 1.8003437916e-02 9.5603985902e+00 1.6828244708e-03
92                 7.5932539213e-01 -5.7484788127e+02 1.2952253189e-01 7.4068837322e-01 -5.8434104796e+02 1.2557669549e-01 1.8637018907e-02 9.4931666860e+00 3.9458364023e-03
93                 6.9768424555e-01 -5.6271129042e+02 1.8816533733e-01 6.7848200777e-01 -5.7218955473e+02 1.9156123533e-01 1.9202237786e-02 9.4782643155e+00 -3.3958979978e-03
94                 6.2974183832e-01 -5.5373312974e+02 2.6408205037e-01 6.1143812894e-01 -5.6319301442e+02 2.6317720487e-01 1.8303709386e-02 9.4598846758e+00 9.0484550360e-04
95                 5.6098326613e-01 -5.4849683382e+02 3.3629355438e-01 5.4255446057e-01 -5.5794696259e+02 3.3506279587e-01 1.8428805555e-02 9.4501287650e+00 1.2307585090e-03
96                 4.9625189602e-01 -5.4721823363e+02 3.9331334736e-01 4.7782839140e-01 -5.5666456998e+02 3.9173383903e-01 1.8423504622e-02 9.4463363531e+00 1.5795083326e-03
97                 4.3442187493e-01 -5.4981289211e+02 4.1902158307e-01 4.1620879077e-01 -5.5925920039e+02 4.1628731396e-01 1.8213084160e-02 9.4463082824e+00 2.7342691093e-03
98                 3.6696067021e-01 -5.5580453038e+02 4.2618723140e-01 3.4853928785e-01 -5.6526163165e+02 4.2359531314e-01 1.8421382366e-02 9.4571012653e+00 2.5919182677e-03
99                 3.0077475511e-01 -5.6431107939e+02 4.2319786326e-01 2.8230310309e-01 -5.7379899540e+02 4.2098163234e-01 1.8471652015e-02 9.4879160155e+00 2.2162309203e-03
100                2.4226744571e-01 -5.7388717846e+02 4.0057367063e-01 2.2332435559e-01 -5.8339054198e+02 4.0451807568e-01 1.8943090117e-02 9.5033635174e+00 -3.9444050450e-03
101                1.9704741471e-01 -5.8441059306e+02 3.7467415196e-01 1.7904736500e-01 -5.9398397516e+02 3.7187596271e-01 1.8000049704e-02 9.5733820988e+00 2.7981892481e-03
102                1.5215519623e-01 -5.9467938833e+02 3.5801162099e-01 1.3329919194e-01 -6.0430833026e+02 3.5348240040e-01 1.8856004289e-02 9.6289419265e+00 4.5292205904e-03
103                1.3326648237e-01 -6.0424652952e+02 2.9260763803e-01 1.1488615866e-01 -6.1390193724e+02 3.0318764633e-01 1.8380323711e-02 9.6554077143e+00 -1.0580008302e-02
104                1.0876976128e-01 -6.1331990941e+02 3.1255302698e-01 9.1475620690e-02 -6.2305211932e+02 3.0127158170e-01 1.7294140595e-02 9.7322099165e+00 1.1281445275e-02
105                1.0723486290e-01 -6.2364709211e+02 2.7375073230e-01 8.9212009523e-02 -6.3346428616e+02 2.7312836749e-01 1.8022853380e-02 9.8171940441e+00 6.2236480296e-04
106                1.0341480368e-01 -6.3617910930e+02 2.7268988908e-01 8.4690889087e-02 -6.4605093985e+02 2.7378104909e-01 1.8723914589e-02 9.8718305462e+00 -1.0911600157e-03
107                1.1159003586e-01 -6.5119419365e+02 2.7451606688e-01 9.2639135358e-02 -6.6112759752e+02 2.7254274870e-01 1.8950900498e-02 9.9334038733e+00 1.9733181780e-03
108                1.3399395997e-01 -6.6864943831e+02 2.5023291983e-01 1.1565166798e-01 -6.7865805634e+02 2.4791874933e-01 1.8342291993e-02 1.0008618034e+01 2.3141704931e-03
109                1.4712875111e-01 -6.8733430199e+02 2.3356062803e-01 1.2719839891e-01 -6.9735034476e+02 2.3499344823e-01 1.9930352197e-02 1.0016042769e+01 -1.4328202008e-03
110                1.8445398469e-01 -7.0545260792e+02 1.7771008570e-01 1.6654230987e-01 -7.1554987132e+02 1.7796989432e-01 1.7911674813e-02 1.0097263405e+01 -2.5980862807e-04
111                2.0757958755e-01 -7.2226413167e+02 1.7137527299e-01 1.8774716070e-01 -7.3242552746e+02 1.6821407874e-01 1.9832426850e-02 1.0161395790e+01 3.1611942494e-03
112                2.3102460799e-01 -7.3645237992e+02 1.2965458091e-01 2.1116422676e-01 -7.4666208854e+02 1.3232608231e-01 1.9860381231e-02 1.0209708626e+01 -2.6715013976e-03
113                2.5371402029e-01 -7.4820461487e+02 1.1262698616e-01 2.3294247189e-01 -7.5845152610e+02 1.1248063325e-01 2.0771548400e-02 1.0246911236e+01 1.4635291474e-04
114                2.9365358568e-01 -7.5803311039e+02 7.1491164089e-02 2.7431287427e-01 -7.6832260448e+02 6.7056840397e-02 1.9340711412e-02 1.0289494090e+01 4.4343236922e-03
115                3.5472311754e-01 -7.6606973169e+02 6.5181309571e-03 3.3526247498e-01 -7.7636032482e+02 1.0669147956e-02 1.9460642563e-02 1.0290593139e+01 -4.1510169987e-03
116                4.1539202260e-01 -7.7254680417e+02 -2.8869864884e-02 3.9512561061e-01 -7.8283940868e+02 -2.4746459485e-02 2.0266411996e-02 1.0292604511e+01 -4.1234053990e-03
117                4.7168619914e-01 -7.7753481156e+02 -5.2518537830e-02 4.5136161398e-01 -7.8784457281e+02 -5.0122717894e-02 2.0324585165e-02 1.0309761253e+01 -2.3958199360e-03
118                5.1982627016e-01 -7.8082742901e+02 -6.8425164814e-02 5.0029993259e-01 -7.9106402426e+02 -6.7832348541e-02 1.9526337568e-02 1.0236595253e+01 -5.9281627340e-04
119                5.6463204480e-01 -7.8220714948e+02 -6.8570079071e-02 5.4465664222e-01 -7.9244826543e+02 -6.9658569904e-02 1.9975402583e-02 1.0241115950e+01 1.0884908328e-03
120                6.0671707786e-01 -7.8177187517e+02 -7.3044163542e-02 5.8647477435e-01 -7.9197686453e+02 -7.0651956481e-02 2.0242303512e-02 1.0204989358e+01 -2.3922070608e-03
121                6.5327675108e-01 -7.7911310517e+02 -7.7097872664e-02 6.3392593852e-01 -7.8924669106e+02 -7.1394645349e-02 1.9350812555e-02 1.0133585890e+01 -5.7032273158e-03
122                6.8369534498e-01 -7.7432140115e+02 -4.5647501861e-02 6.6267289528e-01 -7.8438603105e+02 -3.7565602807e-02 2.1022449700e-02 1.0064629905e+01 -8.0818990542e-03
123                7.0811378240e-01 -7.6758990048e+02 5.5003779326e-03 6.8791802116e-01 -7.7760527207e+02 2.5341845276e-03 2.0195761237e-02 1.0015371590e+01 2.9661934050e-03
124                7.3204859035e-01 -7.5901715974e+02 3.6134225719e-02 7.1138806579e-01 -7.6896527675e+02 3.7605739294e-02 2.0660524563e-02 9.9481170035e+00 -1.4715135750e-03
125                7.6697884840e-01 -7.4846715793e+02 4.8662466372e-02 7.4672764890e-01 -7.5832066228e+02 5.8387884761e-02 2.0251199501e-02 9.8535043478e+00 -9.7254183891e-03
126                7.9313562854e-01 -7.3568090485e+02 8.8126232043e-02 7.7356286613e-01 -7.4544759383e+02 8.8767681979e-02 1.9572762416e-02 9.7666889798e+00 -6.4144993518e-04
127                8.0190944260e-01 -7.2148875800e+02 1.2082125937e-01 7.8166520087e-01 -7.3122324390e+02 1.2197286058e-01 2.0244241731e-02 9.7344858958e+00 -1.1516012166e-03
128                7.8757136022e-01 -7.0605304434e+02 1.6099581655e-01 7.6608403103e-01 -7.1567850773e+02 1.6791658970e-01 2.1487329198e-02 9.6254633889e+00 -6.9207731565e-03
129                7.6417598187e-01 -6.9025684375e+02 1.9552168821e-01 7.4490669674e-01 -6.9986064291e+02 1.9645459803e-01 1.9269285133e-02 9.6037991629e+00 -9.3290981988e-04
130                7.3595453364e-01 -6.7496681424e+02 2.1968497209e-01 7.1603211644e-01 -6.8451064612e+02 2.2355936894e-01 1.9922417201e-02 9.5438318789e+00 -3.8743968500e-03
131                7.0304723647e-01 -6.6089487596e+02 2.4201047214e-01 6.8399922120e-01 -6.7043098322e+02 2.4153916875e-01 1.9048015269e-02 9.5361072519e+00 4.7130339917e-04
132                6.5944682286e-01 -6.4868478985e+02 2.7812940250e-01 6.3970021500e-01 -6.5819911308e+02 2.7442710389e-01 1.9746607854e-02 9.5143232337e+00 3.7022986084e-03
133                6.1419286392e-01 -6.3928566344e+02 2.9383729306e-01 5.9536181236e-01 -6.4880686329e+02 2.9227192310e-01 1.8831051566e-02 9.5211998475e+00 1.5653699651e-03
134                5.6748395475e-01 -6.3293665948e+02 3.2433287812e-01 5.4932873130e-01 -6.4244339567e+02 3.1621596645e-01 1.8155223451e-02 9.5067361868e+00 8.1169116652e-03
135                5.2142259639e-01 -6.3041497406e+02 3.3161169366e-01 5.0372241837e-01 -6.3994034724e+02 3.2599039030e-01 1.7700178029e-02 9.5253731765e+00 5.6213033614e-03
136                4.7158980477e-01 -6.3211689622e+02 3.5777208026e-01 4.5331676754e-01 -6.4165875831e+02 3.5201103458e-01 1.8273037227e-02 9.5418620874e+00 5.7610456838e-03
137                4.2591707275e-01 -6.3834120911e+02 3.6816036743e-01 4.0841726451e-01 -6.4791005306e+02 3.6232864055e-01 1.7499808235e-02 9.5688439562e+00 5.8317268765e-03
138                3.8450176439e-01 -6.4837231114e+02 3.7850571692e-01 3.6668911117e-01 -6.5796196214e+02 3.7346985205e-01 1.7812653214e-02 9.5896510033e+00 5.0358648746e-03
139                3.5040839742e-01 -6.6177291781e+02 3.8150344568e-01 3.3346778867e-01 -6.7140281314e+02 3.7056295585e-01 1.6940608752e-02 9.6298953216e+00 1.0940489827e-02
140                3.2937264961e-01 -6.7682854387e+02 3.8108168178e-01 3.1250254668e-01 -6.8650204250e+02 3.6971345337e-01 1.6870102928e-02 9.6734986249e+00 1.1368228414e-02
141                3.2440163324e-01 -6.9218675346e+02 3.6109250394e-01 3.0840358689e-01 -7.0189012098e+02 3.5063650666e-01 1.5998046347e-02 9.7033675147e+00 1.0455997283e-02
142                3.3108614811e-01 -7.0730400815e+02 3.5427475235e-01 3.1520595538e-01 -7.1707366566e+02 3.4352055910e-01 1.5880192731e-02 9.7696575107e+00 1.0754193248e-02
143                3.4917313521e-01 -7.2148592536e+02 3.3176281321e-01 3.3346735728e-01 -7.3127618786e+02 3.2792709808e-01 1.5705777923e-02 9.7902624999e+00 3.8357151302e-03
144                3.6255845532e-01 -7.3535977987e+02 3.5629696653e-01 3.4694081683e-01 -7.4520575071e+02 3.4082667779e-01 1.5617638487e-02 9.8459708433e+00 1.5470288748e-02
145                3.9883225361e-01 -7.4911220266e+02 3.2218092178e-01 3.8425111715e-01 -7.5901913171e+02 3.1443843537e-01 1.4581136462e-02 9.9069290565e+00 7.7424864044e-03
146                4.2084622767e-01 -7.6279399926e+02 3.3329801718e-01 4.0507643159e-01 -7.7272269707e+02 3.2604987131e-01 1.5769796085e-02 9.9286978108e+00 7.2481458668e-03
147                4.4362106006e-01 -7.7612053704e+02 3.3421230608e-01 4.2867159366e-01 -7.8609870115e+02 3.1636891302e-01 1.4949466396e-02 9.9781641063e+00 1.7843393062e-02
148                4.7654455051e-01 -7.8878992406e+02 2.9133153052e-01 4.6161217012e-01 -7.9882507298e+02 2.8041768588e-01 1.4932380391e-02 1.0035148920e+01 1.0913844637e-02
149                5.1151448708e-01 -8.0005024268e+02 2.5867263576e-01 4.9685451840e-01 -8.1012223684e+02 2.4813377135e-01 1.4659968676e-02 1.0071994155e+01 1.0538864402e-02
150                5.4434567169e-01 -8.0871698816e+02 2.3550165006e-01 5.2960993079e-01 -8.1878269109e+02 2.2449723429e-01 1.4735740897e-02 1.0065702931e+01 1.1004415772e-02
151                5.7180581582e-01 -8.1446455870e+02 2.1137189419e-01 5.5738123701e-01 -8.2454535209e+02 1.9953559495e-01 1.4424578809e-02 1.0080793390e+01 1.1836299239e-02
152                5.9197001555e-01 -8.1738978283e+02 1.9113976669e-01 5.7744827569e-01 -8.2749410135e+02 1.7995329880e-01 1.4521739863e-02 1.0104318516e+01 1.1186467891e-02
153                5.9973383406e-01 -8.1777336241e+02 1.9070260839e-01 5.8567681198e-01 -8.2785913415e+02 1.7141403335e-01 1.4057022076e-02 1.0085771744e+01 1.9288575037e-02
154                6.1038419332e-01 -8.1560248122e+02 1.7537969191e-01 5.9668746415e-01 -8.2567308195e+02 1.5957907305e-01 1.3696729174e-02 1.0070600729e+01 1.5800618861e-02
155                6.2759823947e-01 -8.1177306842e+02 1.5988259473e-01 6.1302457855e-01 -8.2188539138e+02 1.5206111282e-01 1.4573660926e-02 1.0112322958e+01 7.8214819125e-03
156                6.4435948319e-01 -8.0622179833e+02 1.6279871614e-01 6.3036691365e-01 -8.1630202377e+02 1.5032095664e-01 1.3992569544e-02 1.0080225440e+01 1.2477759502e-02
157                6.6119888341e-01 -7.9929519740e+02 1.6208451008e-01 6.4711499725e-01 -8.0935585862e+02 1.5035821150e-01 1.4083886165e-02 1.0060661214e+01 1.1726298583e-02
158                6.6814107349e-01 -7.9173701593e+02 1.6773631965e-01 6.5358931739e-01 -8.0176408247e+02 1.5843140141e-01 1.4551756103e-02 1.0027066542e+01 9.3049182346e-03
159                6.6719163044e-01 -7.8373960595e+02 1.8183354530e-01 6.5195088900e-01 -7.9375649619e+02 1.7338829688e-01 1.5240741441e-02 1.0016890241e+01 8.4452484250e-03
160                6.5698295709e-01 -7.7604344993e+02 2.0279458667e-01 6.4235716824e-01 -7.8605367601e+02 1.8712410270e-01 1.4625788849e-02 1.0010226077e+01 1.5670483970e-02
161                6.5032178539e-01 -7.6832610396e+02 1.9084143780e-01 6.3508664112e-01 -7.7824953057e+02 1.9291593945e-01 1.5235144265e-02 9.9234266070e+00 -2.0745016510e-03
162                6.3922657939e-01 -7.6085376777e+02 2.2707451170e-01 6.2507669234e-01 -7.7079256245e+02 2.1393428536e-01 1.4149887049e-02 9.9387946816e+00 1.3140226342e-02
163                6.2776340611e-01 -7.5373971910e+02 2.3981509084e-01 6.1300700804e-01 -7.6365174269e+02 2.3185629408e-01 1.4756398063e-02 9.9120235959e+00 7.9587967639e-03
164                6.0222939647e-01 -7.4689881998e+02 2.7444976364e-01 5.8632824578e-01 -7.5674431344e+02 2.6541510784e-01 1.5901150691e-02 9.8454934528e+00 9.0346558002e-03
165                5.7904902223e-01 -7.4009530144e+02 3.0743855317e-01 5.6283299466e-01 -7.4993812262e+02 2.9535073701e-01 1.6216027573e-02 9.8428211769e+00 1.2087816161e-02
166                5.7347680710e-01 -7.3398753358e+02 2.9901728842e-01 5.5896139604e-01 -7.4380443076e+02 2.8929453484e-01 1.4515411056e-02 9.8168971755e+00 9.7227535847e-03
167                5.7008302570e-01 -7.2829704923e+02 3.0889628483e-01 5.5518541452e-01 -7.3809472633e+02 2.9324355608e-01 1.4897611177e-02 9.7976770966e+00 1.5652728755e-02
168                5.6629397093e-01 -7.2306407218e+02 2.9583153312e-01 5.4976958336e-01 -7.3280678267e+02 2.9358772074e-01 1.6524387572e-02 9.7427104865e+00 2.2438123807e-03
169                5.6772981604e-01 -7.1886013608e+02 3.0392235897e-01 5.5281128327e-01 -7.2860865493e+02 2.8968185065e-01 1.4918532774e-02 9.7485188521e+00 1.4240508319e-02
170                5.7402857007e-01 -7.1589876429e+02 2.9089367689e-01 5.5847129154e-01 -7.2564751005e+02 2.8139936336e-01 1.5557278530e-02 9.7487457557e+00 9.4943135270e-03
171                5.7571908855e-01 -7.1417369692e+02 2.9400965022e-01 5.5955086659e-01 -7.2390432865e+02 2.8559725541e-01 1.6168221954e-02 9.7306317285e+00 8.4123948087e-03
172                5.7924418541e-01 -7.1353079570e+02 2.9689074071e-01 5.6292340310e-01 -7.2324704796e+02 2.8960999825e-01 1.6320782314e-02 9.7162522614e+00 7.2807424666e-03
173                5.7938244741e-01 -7.1383397361e+02 3.0443263924e-01 5.6270226565e-01 -7.2352682762e+02 3.0115312989e-01 1.6680181766e-02 9.6928540085e+00 3.2795093472e-03
174                5.8331936053e-01 -7.1505300163e+02 3.1887185165e-01 5.6685489079e-01 -7.2475428878e+02 3.1147755789e-01 1.6464469746e-02 9.7012871536e+00 7.3942937584e-03
175                5.8554588401e-01 -7.1756532920e+02 3.3420941888e-01 5.6876454392e-01 -7.2729618362e+02 3.2628880936e-01 1.6781340093e-02 9.7308544226e+00 7.9206095249e-03
176                5.9424801636e-01 -7.2079622278e+02 3.2811433879e-01 5.7723512080e-01 -7.3048660063e+02 3.2920186092e-01 1.7012895567e-02 9.6903778493e+00 -1.0875221343e-03
177                6.0645847339e-01 -7.2500248376e+02 3.3888651519e-01 5.9060982552e-01 -7.3473775774e+02 3.2860245125e-01 1.5848647871e-02 9.7352739821e+00 1.0284063941e-02
178                6.2715119078e-01 -7.2989313968e+02 3.1869807216e-01 6.1081280607e-01 -7.3964244518e+02 3.1142536121e-01 1.6338384710e-02 9.7493054970e+00 7.2727109488e-03
179                6.4401705187e-01 -7.3551362868e+02 3.0198611603e-01 6.2840671730e-01 -7.4525306728e+02 2.8926993747e-01 1.5610334573e-02 9.7394385992e+00 1.2716178557e-02
180                6.6382002143e-01 -7.4184705788e+02 2.7112816270e-01 6.4740414741e-01 -7.5164130912e+02 2.6300540603e-01 1.6415874024e-02 9.7942512388e+00 8.1227566734e-03
181                6.8189437861e-01 -7.4898900080e+02 2.4067058131e-01 6.6555101199e-01 -7.5880324572e+02 2.2937325647e-01 1.6343366628e-02 9.8142449196e+00 1.1297324836e-02
182                6.9616217009e-01 -7.5668614409e+02 2.0807746926e-01 6.7924546355e-01 -7.6652530698e+02 1.9948535336e-01 1.6916706544e-02 9.8391628962e+00 8.5921158959e-03
183                7.1813666383e-01 -7.6465076559e+02 1.6074958841e-01 7.0196959812e-01 -7.7452342682e+02 1.5597963740e-01 1.6167065708e-02 9.8726612337e+00 4.7699510026e-03
184                7.3367714081e-01 -7.7258968316e+02 1.4678587319e-01 7.1750770689e-01 -7.8249319773e+02 1.3715781735e-01 1.6169433915e-02 9.9035145739e+00 9.6280558414e-03
185                7.4276208235e-01 -7.7990485198e+02 1.3067140059e-01 7.2590231202e-01 -7.8982134954e+02 1.2420650590e-01 1.6859770326e-02 9.9164975533e+00 6.4648946867e-03
186                7.6155280332e-01 -7.8628820364e+02 1.0366128795e-01 7.4637313288e-01 -7.9620614082e+02 9.3815180864e-02 1.5179670441e-02 9.9179371820e+00 9.8461070812e-03
187                7.6720889915e-01 -7.9191196622e+02 1.0701122057e-01 7.5034184067e-01 -8.0185567795e+02 1.0041491194e-01 1.6867058480e-02 9.9437117339e+00 6.5963086390e-03
188                7.7687951193e-01 -7.9685019557e+02 9.6469008341e-02 7.6136859435e-01 -8.0683321066e+02 8.3013728079e-02 1.5510917573e-02 9.9830150957e+00 1.3455280262e-02
189                8.0006548612e-01 -8.0054914383e+02 5.3377760046e-02 7.8595613099e-01 -8.1053006915e+02 4.4732906758e-02 1.4109355129e-02 9.9809253249e+00 8.6448532883e-03
190                8.0657520313e-01 -8.0282891936e+02 5.4656503527e-02 7.9054622152e-01 -8.1283432239e+02 4.7449442717e-02 1.6028981607e-02 1.0005403032e+01 7.2070608104e-03
191                8.0255168594e-01 -8.0336778011e+02 5.0189192157e-02 7.8672833492e-01 -8.1334888458e+02 4.4149100456e-02 1.5823351026e-02 9.9811044723e+00 6.0400917017e-03
192                7.9430591736e-01 -8.0224834728e+02 5.8849150983e-02 7.7864577407e-01 -8.1222678525e+02 5.0262192186e-02 1.5660143294e-02 9.9784379718e+00 8.5869587965e-03
193                7.8115633879e-01 -8.0024041932e+02 7.4055479005e-02 7.6538531321e-01 -8.1021836309e+02 6.3257606647e-02 1.5771025586e-02 9.9779437695e+00 1.0797872357e-02
194                7.7643863750e-01 -7.9723288959e+02 7.1649553929e-02 7.6093380420e-01 -8.0724174035e+02 6.6057421532e-02 1.5504833294e-02 1.0008850758e+01 5.5921323975e-03
195                7.7350424239e-01 -7.9339718516e+02 8.7422403684e-02 7.5897514084e-01 -8.0339251183e+02 7.8182459152e-02 1.4529101546e-02 9.9953266746e+00 9.2399445319e-03
196                7.6345323843e-01 -7.8891276902e+02 1.1980950871e-01 7.4967981255e-01 -7.9885450736e+02 1.0391937966e-01 1.3773425875e-02 9.9417383380e+00 1.5890129046e-02
197                7.5694339444e-01 -7.8370673693e+02 1.3326000917e-01 7.4178338155e-01 -7.9369055171e+02 1.2560648338e-01 1.5160012894e-02 9.9838147772e+00 7.6535257894e-03
198                7.4490343344e-01 -7.7854072042e+02 1.5503938419e-01 7.2920023232e-01 -7.8850795575e+02 1.4638414477e-01 1.5703201127e-02 9.9672353276e+00 8.6552394215e-03
199                7.3871513195e-01 -7.7335157339e+02 1.5759504343e-01 7.2387614127e-01 -7.8328645790e+02 1.5335187454e-01 1.4838990679e-02 9.9348845122e+00 4.2431688855e-03
200                7.3483596955e-01 -7.6816669792e+02 1.7179094496e-01 7.2024038262e-01 -7.7805962859e+02 1.6340031081e-01 1.4595586936e-02 9.8929306767e+00 8.3906341534e-03
201                7.2869473649e-01 -7.6398315101e+02 1.8706945517e-01 7.1405696548e-01 -7.7392888494e+02 1.7609446177e-01 1.4637771004e-02 9.9457339342e+00 1.0974993405e-02
202                7.1587118483e-01 -7.6059188852e+02 2.0756679601e-01 7.0140339575e-01 -7.7048766707e+02 1.9393230400e-01 1.4467789080e-02 9.8957785485e+00 1.3634492014e-02
203                7.0255176599e-01 -7.5782031211e+02 2.2384700804e-01 6.8739936934e-01 -7.6771761273e+02 2.1246732925e-01 1.5152396653e-02 9.8973006158e+00 1.1379678785e-02
204                6.9579939905e-01 -7.5590800260e+02 2.3031845322e-01 6.8215665594e-01 -7.6578240031e+02 2.1097770305e-01 1.3642743112e-02 9.8743977056e+00 1.9340750170e-02
205                6.9120345377e-01 -7.5473171124e+02 2.1853227883e-01 6.7657349955e-01 -7.6457154616e+02 2.1019321451e-01 1.4629954216e-02 9.8398349148e+00 8.3390643167e-03
206                6.9982780960e-01 -7.5441252704e+02 2.0435999908e-01 6.8646820685e-01 -7.6427135251e+02 1.9311940227e-01 1.3359602747e-02 9.8588254664e+00 1.1240596810e-02
207                6.9895626302e-01 -7.5495270056e+02 2.1720533017e-01 6.8530576497e-01 -7.6480799812e+02 1.9650161331e-01 1.3650498045e-02 9.8552975646e+00 2.0703716863e-02
208                6.9807184511e-01 -7.5573828927e+02 1.9819305507e-01 6.8313784905e-01 -7.6554411690e+02 1.9219207672e-01 1.4933996053e-02 9.8058276293e+00 6.0009783475e-03
209                7.0540767217e-01 -7.5682664734e+02 1.9147937229e-01 6.9193801688e-01 -7.6665414425e+02 1.8071759122e-01 1.3469655289e-02 9.8274969081e+00 1.0761781078e-02
210                7.0812765218e-01 -7.5820355101e+02 2.0001531763e-01 6.9439245217e-01 -7.6803329249e+02 1.8314355910e-01 1.3735200014e-02 9.8297414803e+00 1.6871758536e-02
211                7.1291846463e-01 -7.5939859156e+02 1.8834320626e-01 6.9899818227e-01 -7.6918976045e+02 1.7772678413e-01 1.3920282366e-02 9.7911688858e+00 1.0616422130e-02
212                7.0872223854e-01 -7.6066335371e+02 2.1582791315e-01 6.9499577463e-01 -7.7046108799e+02 1.9653721382e-01 1.3726463913e-02 9.7977342823e+00 1.9290699333e-02
213                7.0648260144e-01 -7.6182523696e+02 2.2114276592e-01 6.9186297613e-01 -7.7163253144e+02 2.0762886983e-01 1.4619625313e-02 9.8072944791e+00 1.3513896094e-02
214                7.1878630145e-01 -7.6307918604e+02 2.0814953878e-01 7.0558153781e-01 -7.7288628448e+02 1.9599268828e-01 1.3204763640e-02 9.8070984407e+00 1.2156850501e-02
215                7.2890582948e-01 -7.6413562996e+02 2.1047370677e-01 7.1501769298e-01 -7.7392411146e+02 1.9715669313e-01 1.3888136501e-02 9.7884815065e+00 1.3317013642e-02
216                7.3924563317e-01 -7.6502715580e+02 2.0582095281e-01 7.2511685646e-01 -7.7482572580e+02 1.9195432517e-01 1.4128776715e-02 9.7985699935e+00 1.3866627636e-02
217                7.4749690562e-01 -7.6604483329e+02 1.9657166313e-01 7.3361688519e-01 -7.7583885084e+02 1.8528289829e-01 1.3880020423e-02 9.7940175539e+00 1.1288764834e-02
218                7.5951032142e-01 -7.6680661449e+02 1.8675325227e-01 7.4576069919e-01 -7.7661656703e+02 1.7509702571e-01 1.3749622224e-02 9.8099525460e+00 1.1656226561e-02
219                7.6153367242e-01 -7.6754706149e+02 1.9609095849e-01 7.4767974434e-01 -7.7735985544e+02 1.7927637008e-01 1.3853928076e-02 9.8127939555e+00 1.6814588417e-02
220                7.6934649759e-01 -7.6798311780e+02 1.8244717150e-01 7.5640293003e-01 -7.7778863655e+02 1.6745336148e-01 1.2943567560e-02 9.8055187464e+00 1.4993810021e-02
221                7.7298597836e-01 -7.6857590781e+02 1.8274669941e-01 7.5962334200e-01 -7.7842284478e+02 1.6912146529e-01 1.3362636357e-02 9.8469369766e+00 1.3625234119e-02
222                7.7871472901e-01 -7.6894569247e+02 1.6991875452e-01 7.6500397496e-01 -7.7877835588e+02 1.6190941033e-01 1.3710754050e-02 9.8326634065e+00 8.0093441892e-03
223                7.8648029158e-01 -7.6925107326e+02 1.6768649049e-01 7.7433537917e-01 -7.7909282753e+02 1.4819467333e-01 1.2144912402e-02 9.8417542676e+00 1.9491817159e-02
224                7.8863162950e-01 -7.6974051691e+02 1.6637177698e-01 7.7525784922e-01 -7.7961709360e+02 1.4914758825e-01 1.3373780283e-02 9.8765766923e+00 1.7224188729e-02
225                7.9642533118e-01 -7.7038211684e+02 1.3711618787e-01 7.8333997161e-01 -7.8027309751e+02 1.2819631183e-01 1.3085359574e-02 9.8909806743e+00 8.9198760356e-03
226                8.0258395948e-01 -7.7091445168e+02 1.3583559740e-01 7.9039912889e-01 -7.8080809523e+02 1.1667628456e-01 1.2184830596e-02 9.8936435539e+00 1.9159312835e-02
227                8.0441767888e-01 -7.7120237383e+02 1.2501303122e-01 7.9147006506e-01 -7.8110103511e+02 1.0790482681e-01 1.2947613823e-02 9.8986612878e+00 1.7108204410e-02
228                8.0996767199e-01 -7.7164224038e+02 9.8655210895e-02 7.9755166253e-01 -7.8157565724e+02 8.4902246140e-02 1.2416009463e-02 9.9334168570e+00 1.3752964755e-02
229                8.1523813114e-01 -7.7200626424e+02 8.4054201266e-02 8.0328204308e-01 -7.8193527970e+02 6.7512378313e-02 1.1956088066e-02 9.9290154547e+00 1.6541822953e-02
230                8.1235865541e-01 -7.7215622725e+02 7.8752789114e-02 7.9877559641e-01 -7.8207017788e+02 6.6464521565e-02 1.3583058994e-02 9.9139506286e+00 1.2288267548e-02
231                8.0899836266e-01 -7.7260131304e+02 7.1166926166e-02 7.9659128950e-01 -7.8255294649e+02 5.4541883800e-02 1.2407073157e-02 9.9516334506e+00 1.6625042366e-02
232                8.1050270890e-01 -7.7307589680e+02 6.1799651680e-02 7.9873807074e-01 -7.8302119389e+02 4.3426052002e-02 1.1764638159e-02 9.9452970926e+00 1.8373599677e-02
233                7.9867715452e-01 -7.7357526087e+02 7.4883070586e-02 7.8530400610e-01 -7.8350761304e+02 6.2678330478e-02 1.3373148419e-02 9.9323521655e+00 1.2204740108e-02
234                7.9255585336e-01 -7.7414036587e+02 8.2952491083e-02 7.8054111881e-01 -7.8408907888e+02 6.2178257765e-02 1.2014734542e-02 9.9487130074e+00 2.0774233318e-02
235                7.9624503144e-01 -7.7480194491e+02 6.6948294437e-02 7.8420854912e-01 -7.8477299430e+02 5.3057872863e-02 1.2036482319e-02 9.9710493880e+00 1.3890421575e-02
236                7.9015401949e-01 -7.7527976465e+02 7.5891862536e-02 7.7714147172e-01 -7.8521043095e+02 6.5880234153e-02 1.3012547775e-02 9.9306663065e+00 1.0011628383e-02
237                7.8841743493e-01 -7.7522094684e+02 8.4806211748e-02 7.7694458477e-01 -7.8514307770e+02 6.4871650046e-02 1.1472850160e-02 9.9221308617e+00 1.9934561702e-02
238                7.8399735731e-01 -7.7511472049e+02 9.5290801593e-02 7.7122399862e-01 -7.8506882820e+02 7.9161773175e-02 1.2773358691e-02 9.9541077116e+00 1.6129028418e-02
239                7.8141255881e-01 -7.7480524461e+02 8.9919517230e-02 7.6877821085e-01 -7.8473168162e+02 8.3504411159e-02 1.2634347959e-02 9.9264370137e+00 6.4151060710e-03
240                7.7496754147e-01 -7.7384419329e+02 1.2805469095e-01 7.6176611699e-01 -7.8373584220e+02 1.1244560666e-01 1.3201424488e-02 9.8916489145e+00 1.5609084292e-02
241                7.7888607580e-01 -7.7285632503e+02 1.2691736985e-01 7.6649625627e-01 -7.8278580870e+02 1.1117523023e-01 1.2389819534e-02 9.9294836684e+00 1.5742139617e-02
242                7.8810270708e-01 -7.7173337765e+02 1.1911429552e-01 7.7738961639e-01 -7.8162239941e+02 1.0201254667e-01 1.0713090683e-02 9.8890217614e+00 1.7101748854e-02
243                7.7895144419e-01 -7.7043735768e+02 1.4770226083e-01 7.6504453915e-01 -7.8031841199e+02 1.3274057391e-01 1.3906905037e-02 9.8810543109e+00 1.4961686919e-02
244                7.7515204204e-01 -7.6914109846e+02 1.4605946151e-01 7.6245128391e-01 -7.7902444200e+02 1.3378686811e-01 1.2700758127e-02 9.8833435411e+00 1.2272593401e-02
245                7.7925419997e-01 -7.6781605751e+02 1.5324523719e-01 7.6804963482e-01 -7.7766484128e+02 1.3017605561e-01 1.1204565150e-02 9.8487837708e+00 2.3069181584e-02
246                7.8005358148e-01 -7.6687410395e+02 1.5698107588e-01 7.6707035909e-01 -7.7675036868e+02 1.4032582476e-01 1.2983222395e-02 9.8762647341e+00 1.6655251112e-02
247                7.8226586411e-01 -7.6627356749e+02 1.5344238375e-01 7.6931989510e-01 -7.7615309457e+02 1.4131437152e-01 1.2945969009e-02 9.8795270876e+00 1.2128012226e-02
248                7.9068934947e-01 -7.6557082668e+02 1.4465297130e-01 7.7914128260e-01 -7.7540770390e+02 1.2650203465e-01 1.1548066866e-02 9.8368772188e+00 1.8150936647e-02
249                7.9267764970e-01 -7.6510608502e+02 1.4719356098e-01 7.8041372777e-01 -7.7494782821e+02 1.2868569707e-01 1.2263921927e-02 9.8417431912e+00 1.8507863911e-02
250                8.0007166907e-01 -7.6450661006e+02 1.3034023990e-01 7.8746713353e-01 -7.7433540878e+02 1.1960373645e-01 1.2604535535e-02 9.8287987183e+00 1.0736503443e-02
251                8.1201387717e-01 -7.6411386131e+02 1.2142176207e-01 8.0032828866e-01 -7.7395219199e+02 1.0738159429e-01 1.1685588510e-02 9.8383306773e+00 1.4040167780e-02
252                8.0984919766e-01 -7.6393214136e+02 1.3993538482e-01 7.9688389823e-01 -7.7376822093e+02 1.2352522329e-01 1.2965299428e-02 9.8360795695e+00 1.6410161528e-02
253                8.1073277382e-01 -7.6385803319e+02 1.3679638148e-01 7.9807969638e-01 -7.7368779749e+02 1.2363606977e-01 1.2653077438e-02 9.8297642992e+00 1.3160311712e-02
254                8.1624686630e-01 -7.6377587160e+02 1.3388225275e-01 8.0459040647e-01 -7.7360140381e+02 1.1781193953e-01 1.1656459829e-02 9.8255322080e+00 1.6070313228e-02
255                8.1494261950e-01 -7.6397727324e+02 1.3941485266e-01 8.0219285950e-01 -7.7380858551e+02 1.2733338813e-01 1.2749760000e-02 9.8313122728e+00 1.2081464536e-02
256                8.0579214512e-01 -7.6417257386e+02 1.6524696996e-01 7.9236417679e-01 -7.7399964939e+02 1.4976958089e-01 1.3427968327e-02 9.8270755322e+00 1.5477389071e-02
257                8.1101677989e-01 -7.6455826403e+02 1.5046422305e-01 7.9949655704e-01 -7.7439704551e+02 1.3554604934e-01 1.1520222846e-02 9.8387814747e+00 1.4918173707e-02
258                8.0677341757e-01 -7.6491151873e+02 1.6616201370e-01 7.9433377184e-01 -7.7472152237e+02 1.4775757593e-01 1.2439645733e-02 9.8100036383e+00 1.8404437772e-02
259                8.0482888638e-01 -7.6515093420e+02 1.6081576115e-01 7.9213199237e-01 -7.7498787059e+02 1.4585144286e-01 1.2696894009e-02 9.8369363873e+00 1.4964318296e-02
260                8.0984602415e-01 -7.6546709528e+02 1.4598705989e-01 7.9861503489e-01 -7.7530978933e+02 1.2975489635e-01 1.1230989263e-02 9.8426940499e+00 1.6232163538e-02
261                8.0558864305e-01 -7.6565261046e+02 1.5077476467e-01 7.9275747791e-01 -7.7549061634e+02 1.3578400502e-01 1.2831165142e-02 9.8380058758e+00 1.4990759643e-02
262                8.0845793476e-01 -7.6583366673e+02 1.3207432561e-01 7.9683415434e-01 -7.7569572701e+02 1.1624308844e-01 1.1623780428e-02 9.8620602848e+00 1.5831237161e-02
263                8.0622810797e-01 -7.6600255103e+02 1.3153954680e-01 7.9443772169e-01 -7.7585323544e+02 1.1428269187e-01 1.1790386278e-02 9.8506844127e+00 1.7256854932e-02
264                7.9855086698e-01 -7.6615074468e+02 1.3537532278e-01 7.8572283318e-01 -7.7601934161e+02 1.2000614275e-01 1.2828033793e-02 9.8685969295e+00 1.5369180034e-02
265                7.9454154048e-01 -7.6645521266e+02 1.3853137796e-01 7.8302177433e-01 -7.7634264697e+02 1.1715323808e-01 1.1519766154e-02 9.8874343171e+00 2.1378139882e-02
266                8.0176092942e-01 -7.6667024461e+02 1.1825436400e-01 7.9074223521e-01 -7.7654687704e+02 1.0088796575e-01 1.1018694211e-02 9.8766324308e+00 1.7366398246e-02
267                8.0086952363e-01 -7.6713408462e+02 1.2821556610e-01 7.8951833636e-01 -7.7703277280e+02 1.0533925993e-01 1.1351187272e-02 9.8986881850e+00 2.2876306167e-02
268                8.0103643663e-01 -7.6756802119e+02 1.2118823732e-01 7.8905390085e-01 -7.7746573914e+02 1.0334857656e-01 1.1982535783e-02 9.8977179538e+00 1.7839660765e-02
269                8.0974344777e-01 -7.6830823039e+02 1.0729625601e-01 7.9816021440e-01 -7.7823466676e+02 9.1386472371e-02 1.1583233367e-02 9.9264363701e+00 1.5909783643e-02
270                8.2909354681e-01 -7.6900107272e+02 7.6914328056e-02 8.1903181323e-01 -7.7889222262e+02 5.9604411059e-02 1.0061733572e-02 9.8911499015e+00 1.7309916997e-02
271                8.2680905112e-01 -7.6966840922e+02 9.6761156518e-02 8.1383018844e-01 -7.7956561197e+02 7.9470223783e-02 1.2978862679e-02 9.8972027435e+00 1.7290932735e-02
272                8.2758919422e-01 -7.7066769227e+02 8.2013179673e-02 8.1564031353e-01 -7.8060478846e+02 6.6108905771e-02 1.1948880692e-02 9.9370961910e+00 1.5904273902e-02
273                8.3062510284e-01 -7.7164219326e+02 8.4148556666e-02 8.1942701265e-01 -7.8155720895e+02 6.3325424848e-02 1.1198090193e-02 9.9150156879e+00 2.0823131817e-02
274                8.2556015877e-01 -7.7232037514e+02 9.2928745644e-02 8.1265610141e-01 -7.8222933815e+02 7.7687019966e-02 1.2904057359e-02 9.9089630123e+00 1.5241725677e-02
275                8.3517981064e-01 -7.7296414099e+02 7.0422390479e-02 8.2454355479e-01 -7.8286863855e+02 5.2032382537e-02 1.0636255849e-02 9.9044975517e+00 1.8390007942e-02
276                8.3672820045e-01 -7.7371916086e+02 6.5446796275e-02 8.2444081328e-01 -7.8364793601e+02 5.5877298785e-02 1.2287387168e-02 9.9287751529e+00 9.5694974902e-03
277                8.2601980541e-01 -7.7444600824e+02 9.0406051990e-02 8.1310169058e-01 -7.8438340858e+02 7.5312661527e-02 1.2918114822e-02 9.9374003436e+00 1.5093390463e-02
278                8.1368766191e-01 -7.7485955513e+02 1.0503348265e-01 8.0175198485e-01 -7.8478555921e+02 8.2952085484e-02 1.1935677054e-02 9.9260040857e+00 2.2081397163e-02
279                8.1453548026e-01 -7.7475514265e+02 9.1590464767e-02 8.0211156044e-01 -7.8464495475e+02 8.1439481027e-02 1.2423919813e-02 9.8898120919e+00 1.0150983741e-02
280                8.2546125185e-01 -7.7434037069e+02 8.2959078538e-02 8.1435212350e-01 -7.8424453425e+02 6.9096114644e-02 1.1109128350e-02 9.9041635589e+00 1.3862963894e-02
281                8.2300683484e-01 -7.7392014844e+02 1.0735472056e-01 8.0994351864e-01 -7.8383054305e+02 9.0753208323e-02 1.3063316198e-02 9.9103946087e+00 1.6601512236e-02
282                8.2178668942e-01 -7.7334720869e+02 9.9424128339e-02 8.0927050512e-01 -7.8323418955e+02 8.8794392417e-02 1.2516184300e-02 9.8869808649e+00 1.0629735921e-02
283                8.2052103968e-01 -7.7234899655e+02 1.1943239792e-01 8.0889079068e-01 -7.8221365593e+02 9.7375557671e-02 1.1630249001e-02 9.8646593865e+00 2.2056840247e-02
284                8.1893575148e-01 -7.7152438526e+02 1.2406013065e-01 8.0604862607e-01 -7.8142238802e+02 1.0819569587e-01 1.2887125404e-02 9.8980027678e+00 1.5864434774e-02
285                8.1601103898e-01 -7.7061809312e+02 1.2183193631e-01 8.0304758592e-01 -7.8047511404e+02 1.1293177318e-01 1.2963453059e-02 9.8570209205e+00 8.9001631254e-03
286                8.1770461815e-01 -7.6944163977e+02 1.2919098085e-01 8.0556616229e-01 -7.7929893988e+02 1.1417912405e-01 1.2138455854e-02 9.8573001051e+00 1.5011856798e-02
287                8.1545891173e-01 -7.6840958126e+02 1.3920318891e-01 8.0245552991e-01 -7.7828355367e+02 1.2327279227e-01 1.3003381818e-02 9.8739724078e+00 1.5930396643e-02
288                8.1639425765e-01 -7.6737428150e+02 1.3620460061e-01 8.0515412930e-01 -7.7719710628e+02 1.1510195339e-01 1.1240128350e-02 9.8228247834e+00 2.1102647217e-02
289                8.1129859067e-01 -7.6643524695e+02 1.5151911078e-01 7.9831546825e-01 -7.7628802580e+02 1.3364464008e-01 1.2983122416e-02 9.8527788473e+00 1.7874470698e-02
290                8.1311461702e-01 -7.6582310362e+02 1.4219283427e-01 8.0055570168e-01 -7.7567380093e+02 1.2985866628e-01 1.2558915332e-02 9.8506973146e+00 1.2334167988e-02
291                8.2908949551e-01 -7.6517805965e+02 1.1983882945e-01 8.1793620082e-01 -7.7502467805e+02 1.0580520297e-01 1.1153294687e-02 9.8466183950e+00 1.4033626479e-02
292                8.2455160610e-01 -7.6476107009e+02 1.3665565968e-01 8.1108611445e-01 -7.7458011929e+02 1.2378029051e-01 1.3465491658e-02 9.8190492053e+00 1.2875369172e-02
293                8.2197567319e-01 -7.6469535565e+02 1.4091668929e-01 8.0919206435e-01 -7.7455403134e+02 1.2629444618e-01 1.2783608840e-02 9.8586756893e+00 1.4622243108e-02
294                8.1845070117e-01 -7.6471287206e+02 1.4915484217e-01 8.0645072645e-01 -7.7454676427e+02 1.2770839402e-01 1.1999974722e-02 9.8338922136e+00 2.1446448147e-02
295                8.1626815490e-01 -7.6481855725e+02 1.4395245531e-01 8.0335968016e-01 -7.7464640148e+02 1.3207575171e-01 1.2908474746e-02 9.8278442331e+00 1.1876703605e-02
296                8.1662101447e-01 -7.6516154454e+02 1.4670752242e-01 8.0443650787e-01 -7.7501308193e+02 1.3204598248e-01 1.2184506606e-02 9.8515373856e+00 1.4661539946e-02
297                8.1069278366e-01 -7.6571536311e+02 1.6137747025e-01 7.9787635603e-01 -7.7557254711e+02 1.4408531856e-01 1.2816427629e-02 9.8571839956e+00 1.7292151688e-02
298                8.1438152051e-01 -7.6624594529e+02 1.4611249100e-01 8.0302114185e-01 -7.7605713585e+02 1.2811863316e-01 1.1360378655e-02 9.8111905665e+00 1.7993857839e-02
299                8.1805037244e-01 -7.6695616379e+02 1.4191078262e-01 8.0592746443e-01 -7.7681554139e+02 1.2560766759e-01 1.2122908012e-02 9.8593776043e+00 1.6303115029e-02
300                8.1889891143e-01 -7.6767909310e+02 1.3111363981e-01 8.0648096098e-01 -7.7753089822e+02 1.2048198816e-01 1.2417950451e-02 9.8518051195e+00 1.0631651654e-02
